63.20,4.88,2.63,13.13,-0.36,0.02

64.24,4.94,2.63,13.31,21.89,8.44,2.31,14.25,-0.17,-0.04

64.24,4.94,2.63,13.31,21.89,8.44,2.31,14.25,-0.17,-0.04

64.24,4.94,2.63,13.31,21.89,8.44,2.31,14.25,-0.17,-0.04

64.24,4.94,2.63,13.31,21.89,8.44,2.31,14.25,-0.17,-0.04

64.24,4.94,2.63,13.31,21.89,8.44,2.31,14.25,-0.17,-0.04

121.99,8.44,2.31,14.25,-0.18,-0.03

121.99,8.44,2.31,14.25,-0.18,-0.03

121.99,8.44,2.31,14.25,-0.18,-0.03

121.99,8.44,2.31,14.25,-0.18,-0.03

121.99,8.44,2.31,14.25,-0.18,-0.03

122.09,8.44,2.31,14.19,-0.18,-0.03

122.09,8.44,2.31,14.19,-0.18,-0.03

122.09,8.44,2.31,14.19,-0.18,-0.03

122.09,8.44,2.31,14.19,-0.18,-0.03

122.09,8.44,2.31,14.19,-0.18,-0.03

122.09,8.44,2.31,14.19,-0.18,-0.03

122.09,8.44,2.31,14.19,-0.18,-0.03

122.09,8.44,2.31,14.19,-0.18,-0.03

122.20,8.44,2.31,14.19,-0.18,-0.03

122.20,8.44,2.31,14.19,-0.18,-0.03

122.20,8.44,2.31,14.19,-0.18,-0.03

122.20,8.44,2.31,14.19,-0.18,-0.03

122.30,8.44,2.31,14.19,-0.18,-0.03

122.30,8.44,2.31,14.19,-0.18,-0.03

122.30,8.44,2.31,14.19,-0.18,-0.03

122.30,8.44,2.31,14.19,-0.18,-0.03

122.30,8.44,2.31,14.19,-0.18,-0.03

122.30,8.44,2.31,14.19,-0.18,-0.03

122.30,8.44,2.31,14.19,-0.18,-0.03

122.30,8.44,2.31,14.19,-0.18,-0.03

122.40,8.44,2.31,14.19,-0.18,-0.03

122.40,8.44,2.31,14.19,-0.18,-0.03

122.40,8.44,2.31,14.19,-0.18,-0.03

122.40,8.44,2.31,14.19,-0.18,-0.03

122.40,8.44,2.31,14.19,-0.18,-0.03

122.40,8.44,2.31,14.19,-0.18,-0.03

122.51,8.44,2.31,14.19,-0.18,-0.03

122.51,8.44,2.31,14.19,-0.18,-0.03

122.51,8.44,2.31,14.19,-0.18,-0.03

122.51,8.44,2.31,14.19,-0.18,-0.03

122.51,8.44,2.31,14.19,-0.18,-0.03

122.51,8.44,2.31,14.19,-0.18,-0.03

122.51,8.44,2.31,14.19,-0.18,-0.03

122.61,8.50,2.31,14.19,-0.18,-0.03

122.61,8.50,2.31,14.19,-0.18,-0.03

122.61,8.50,2.31,14.19,-0.18,-0.03

122.61,8.50,2.31,14.19,-0.18,-0.03

122.61,8.50,2.31,14.19,-0.18,-0.03

122.71,8.44,2.31,14.19,-0.18,-0.03

122.71,8.44,2.31,14.19,-0.18,-0.03

122.71,8.44,2.31,14.19,-0.18,-0.03

122.71,8.44,2.31,14.19,-0.18,-0.03

122.71,8.44,2.31,14.19,-0.18,-0.03

122.71,8.44,2.31,14.19,-0.18,-0.03

122.82,8.50,2.31,14.19,-0.17,-0.04

122.82,8.50,2.31,14.19,-0.17,-0.04

122.82,8.50,2.31,14.19,-0.17,-0.04

122.82,8.50,2.31,14.19,-0.17,-0.04

122.82,8.50,2.31,14.19,-0.17,-0.04

122.82,8.50,2.31,14.19,-0.17,-0.04

122.82,8.50,2.31,14.19,-0.17,-0.04

122.92,8.56,2.38,14.19,-0.18,-0.04

122.92,8.56,2.38,14.19,-0.18,-0.04

122.92,8.56,2.38,14.19,-0.18,-0.04

122.92,8.56,2.38,14.19,-0.18,-0.04

122.92,8.56,2.38,14.19,-0.18,-0.04

122.92,8.56,2.38,14.19,-0.18,-0.04

123.03,8.69,2.50,14.06,-0.18,-0.04

123.03,8.69,2.50,14.06,-0.18,-0.04

123.03,8.69,2.50,14.06,-0.18,-0.04

123.03,8.69,2.50,14.06,-0.18,-0.04

123.03,8.69,2.50,14.06,-0.18,-0.04

123.13,11.38,3.63,13.19,-0.21,-0.03

123.13,11.38,3.63,13.19,-0.21,-0.03

123.13,11.38,3.63,13.19,-0.21,-0.03

123.13,11.38,3.63,13.19,-0.21,-0.03

123.13,11.38,3.63,13.19,-0.21,-0.03

123.13,11.38,3.63,13.19,-0.21,-0.03

123.23,10.38,3.00,14.00,-0.42,-0.01

123.23,10.38,3.00,14.00,-0.42,-0.01

123.23,10.38,3.00,14.00,-0.42,-0.01

123.23,10.38,3.00,14.00,-0.42,-0.01

123.23,10.38,3.00,14.00,-0.42,-0.01

123.23,10.38,3.00,14.00,-0.42,-0.01

123.23,10.38,3.00,14.00,-0.42,-0.01

123.23,10.38,3.00,14.00,-0.42,-0.01

123.34,14.13,4.56,14.19,-1.05,-0.01

123.34,14.13,4.56,14.19,-1.05,-0.01

123.34,14.13,4.56,14.19,-1.05,-0.01

123.34,14.13,4.56,14.19,-1.05,-0.01

123.34,14.13,4.56,14.19,-1.05,-0.01

123.44,15.19,4.38,13.56,-1.87,-0.02

123.44,15.19,4.38,13.56,-1.87,-0.02

123.44,15.19,4.38,13.56,-1.87,-0.02

123.44,15.19,4.38,13.56,-1.87,-0.02

123.44,15.19,4.38,13.56,-1.87,-0.02

123.44,15.19,4.38,13.56,-1.87,-0.02

123.44,15.19,4.38,13.56,-1.87,-0.02

123.54,16.56,4.38,11.63,-2.94,0.04

123.54,16.56,4.38,11.63,-2.94,0.04

123.54,16.56,4.38,11.63,-2.94,0.04

123.54,16.56,4.38,11.63,-2.94,0.04

123.54,16.56,4.38,11.63,-2.94,0.04

123.54,16.56,4.38,11.63,-2.94,0.04

123.65,16.56,3.81,11.13,-3.41,0.09

123.65,16.56,3.81,11.13,-3.41,0.09

123.65,16.56,3.81,11.13,-3.41,0.09

123.65,16.56,3.81,11.13,-3.41,0.09

123.65,16.56,3.81,11.13,-3.41,0.09

123.65,16.56,3.81,11.13,-3.41,0.09

123.65,16.56,3.81,11.13,-3.41,0.09

123.65,16.56,3.81,11.13,-3.41,0.09

123.65,16.56,3.81,11.13,-3.41,0.09

123.75,16.94,4.00,11.63,-3.72,0.13

123.75,16.94,4.00,11.63,-3.72,0.13

123.75,16.94,4.00,11.63,-3.72,0.13

123.86,16.00,3.75,12.19,-3.90,0.11

123.86,16.00,3.75,12.19,-3.90,0.11

123.86,16.00,3.75,12.19,-3.90,0.11

123.86,16.00,3.75,12.19,-3.90,0.11

123.86,16.00,3.75,12.19,-3.90,0.11

123.86,16.00,3.75,12.19,-3.90,0.11

123.96,17.00,4.38,12.13,-3.79,0.08

123.96,17.00,4.38,12.13,-3.79,0.08

123.96,17.00,4.38,12.13,-3.79,0.08

123.96,17.00,4.38,12.13,-3.79,0.08

123.96,17.00,4.38,12.13,-3.79,0.08

123.96,17.00,4.38,12.13,-3.79,0.08

123.96,17.00,4.38,12.13,-3.79,0.08

123.96,17.00,4.38,12.13,-3.79,0.08

124.06,13.88,3.31,12.69,-2.00,0.10

124.06,13.88,3.31,12.69,-2.00,0.10

124.06,13.88,3.31,12.69,-2.00,0.10

124.06,13.88,3.31,12.69,-2.00,0.10

124.17,12.56,2.94,13.38,-1.03,0.11

124.17,12.56,2.94,13.38,-1.03,0.11

124.17,12.56,2.94,13.38,-1.03,0.11

124.17,12.56,2.94,13.38,-1.03,0.11

124.17,12.56,2.94,13.38,-1.03,0.11

124.17,12.56,2.94,13.38,-1.03,0.11

124.17,12.56,2.94,13.38,-1.03,0.11

124.27,11.69,2.88,14.19,-0.57,0.06

124.27,11.69,2.88,14.19,-0.57,0.06

124.27,11.69,2.88,14.19,-0.57,0.06

124.27,11.69,2.88,14.19,-0.57,0.06

124.27,11.69,2.88,14.19,-0.57,0.06

124.27,11.69,2.88,14.19,-0.57,0.06

124.27,11.69,2.88,14.19,-0.57,0.06

124.37,11.38,2.69,14.31,-0.42,0.01

124.37,11.38,2.69,14.31,-0.42,0.01

124.37,11.38,2.69,14.31,-0.42,0.01

124.37,11.38,2.69,14.31,-0.42,0.01

124.37,11.38,2.69,14.31,-0.42,0.01

124.48,11.19,2.63,14.00,-0.36,-0.05

124.48,11.19,2.63,14.00,-0.36,-0.05

124.48,11.19,2.63,14.00,-0.36,-0.05

124.48,11.19,2.63,14.00,-0.36,-0.05

124.48,11.19,2.63,14.00,-0.36,-0.05

124.48,11.19,2.63,14.00,-0.36,-0.05

124.58,11.06,2.56,14.06,-0.36,-0.03

124.58,11.06,2.56,14.06,-0.36,-0.03

124.58,11.06,2.56,14.06,-0.36,-0.03

124.58,11.06,2.56,14.06,-0.36,-0.03

124.58,11.06,2.56,14.06,-0.36,-0.03

124.58,11.06,2.56,14.06,-0.36,-0.03

124.58,11.06,2.56,14.06,-0.36,-0.03

124.58,11.06,2.56,14.06,-0.36,-0.03

124.68,11.13,2.56,14.13,-0.35,-0.02

124.68,11.13,2.56,14.13,-0.35,-0.02

124.68,11.13,2.56,14.13,-0.35,-0.02

124.68,11.13,2.56,14.13,-0.35,-0.02

124.68,11.13,2.56,14.13,-0.35,-0.02

124.79,11.19,2.63,14.06,-0.35,-0.03

124.79,11.19,2.63,14.06,-0.35,-0.03

124.79,11.19,2.63,14.06,-0.35,-0.03

124.79,11.19,2.63,14.06,-0.35,-0.03

124.79,11.19,2.63,14.06,-0.35,-0.03

124.79,11.19,2.63,14.06,-0.35,-0.03

124.89,10.94,2.56,14.13,-0.35,-0.05

124.89,10.94,2.56,14.13,-0.35,-0.05

124.89,10.94,2.56,14.13,-0.35,-0.05

124.89,10.94,2.56,14.13,-0.35,-0.05

124.89,10.94,2.56,14.13,-0.35,-0.05

124.89,10.94,2.56,14.13,-0.35,-0.05

124.99,10.75,2.50,14.19,-0.34,-0.03

124.99,10.75,2.50,14.19,-0.34,-0.03

124.99,10.75,2.50,14.19,-0.34,-0.03

124.99,10.75,2.50,14.19,-0.34,-0.03

124.99,10.75,2.50,14.19,-0.34,-0.03

124.99,10.75,2.50,14.19,-0.34,-0.03

124.99,10.75,2.50,14.19,-0.34,-0.03

125.10,10.88,2.56,14.19,-0.32,-0.03

125.10,10.88,2.56,14.19,-0.32,-0.03

125.10,10.88,2.56,14.19,-0.32,-0.03

125.10,10.88,2.56,14.19,-0.32,-0.03

125.10,10.88,2.56,14.19,-0.32,-0.03

125.10,10.88,2.56,14.19,-0.32,-0.03

125.20,10.81,2.56,14.19,-0.33,-0.04

125.20,10.81,2.56,14.19,-0.33,-0.04

125.20,10.81,2.56,14.19,-0.33,-0.04

125.20,10.81,2.56,14.19,-0.33,-0.04

125.20,10.81,2.56,14.19,-0.33,-0.04

125.20,10.81,2.56,14.19,-0.33,-0.04

125.31,10.75,2.50,14.19,-0.33,-0.05

125.31,10.75,2.50,14.19,-0.33,-0.05

125.31,10.75,2.50,14.19,-0.33,-0.05

125.31,10.75,2.50,14.19,-0.33,-0.05

125.31,10.75,2.50,14.19,-0.33,-0.05

125.31,10.75,2.50,14.19,-0.33,-0.05

125.31,10.75,2.50,14.19,-0.33,-0.05

125.41,10.69,2.50,14.25,-0.32,-0.04

125.41,10.69,2.50,14.25,-0.32,-0.04

125.41,10.69,2.50,14.25,-0.32,-0.04

125.41,10.69,2.50,14.25,-0.32,-0.04

125.41,10.69,2.50,14.25,-0.32,-0.04

125.41,10.69,2.50,14.25,-0.32,-0.04

125.51,10.75,2.56,14.19,-0.32,-0.03

125.51,10.75,2.56,14.19,-0.32,-0.03

125.51,10.75,2.56,14.19,-0.32,-0.03

125.51,10.75,2.56,14.19,-0.32,-0.03

125.51,10.75,2.56,14.19,-0.32,-0.03

125.51,10.75,2.56,14.19,-0.32,-0.03

125.51,10.75,2.56,14.19,-0.32,-0.03

125.62,10.69,2.50,14.19,-0.31,-0.05

125.62,10.69,2.50,14.19,-0.31,-0.05

125.62,10.69,2.50,14.19,-0.31,-0.05

125.62,10.69,2.50,14.19,-0.31,-0.05

125.62,10.69,2.50,14.19,-0.31,-0.05

125.62,10.69,2.50,14.19,-0.31,-0.05

125.62,10.69,2.50,14.19,-0.31,-0.05

125.72,10.81,2.63,14.19,-0.31,-0.05

125.72,10.81,2.63,14.19,-0.31,-0.05

125.72,10.81,2.63,14.19,-0.31,-0.05

125.72,10.81,2.63,14.19,-0.31,-0.05

125.83,10.81,2.63,14.13,-0.31,-0.05

125.83,10.81,2.63,14.13,-0.31,-0.05

125.83,10.81,2.63,14.13,-0.31,-0.05

125.83,10.81,2.63,14.13,-0.31,-0.05

125.83,10.81,2.63,14.13,-0.31,-0.05

125.83,10.81,2.63,14.13,-0.31,-0.05

125.93,10.75,2.63,14.13,-0.30,-0.05

125.93,10.75,2.63,14.13,-0.30,-0.05

125.93,10.75,2.63,14.13,-0.30,-0.05

125.93,10.75,2.63,14.13,-0.30,-0.05

125.93,10.75,2.63,14.13,-0.30,-0.05

125.93,10.75,2.63,14.13,-0.30,-0.05

125.93,10.75,2.63,14.13,-0.30,-0.05

125.93,10.75,2.63,14.13,-0.30,-0.05

126.03,10.63,2.56,14.19,-0.30,-0.05

126.03,10.63,2.56,14.19,-0.30,-0.05

126.03,10.63,2.56,14.19,-0.30,-0.05

126.03,10.63,2.56,14.19,-0.30,-0.05

126.03,10.63,2.56,14.19,-0.30,-0.05

126.14,10.69,2.63,14.19,-0.30,-0.04

126.14,10.69,2.63,14.19,-0.30,-0.04

126.14,10.69,2.63,14.19,-0.30,-0.04

126.14,10.69,2.63,14.19,-0.30,-0.04

126.14,10.69,2.63,14.19,-0.30,-0.04

126.14,10.69,2.63,14.19,-0.30,-0.04

126.14,10.69,2.63,14.19,-0.30,-0.04

126.24,10.81,2.63,14.19,-0.30,-0.04

126.24,10.81,2.63,14.19,-0.30,-0.04

126.24,10.81,2.63,14.19,-0.30,-0.04

126.24,10.81,2.63,14.19,-0.30,-0.04

126.24,10.81,2.63,14.19,-0.30,-0.04

126.24,10.81,2.63,14.19,-0.30,-0.04

126.34,11.00,2.69,14.19,-0.30,-0.05

126.34,11.00,2.69,14.19,-0.30,-0.05

126.34,11.00,2.69,14.19,-0.30,-0.05

126.34,11.00,2.69,14.19,-0.30,-0.05

126.34,11.00,2.69,14.19,-0.30,-0.05

126.45,11.00,2.69,14.19,-0.30,-0.06

126.45,11.00,2.69,14.19,-0.30,-0.06

126.45,11.00,2.69,14.19,-0.30,-0.06

126.45,11.00,2.69,14.19,-0.30,-0.06

126.45,11.00,2.69,14.19,-0.30,-0.06

126.45,11.00,2.69,14.19,-0.30,-0.06

126.45,11.00,2.69,14.19,-0.30,-0.06

126.55,10.81,2.63,14.19,-0.30,-0.07

126.55,10.81,2.63,14.19,-0.30,-0.07

126.55,10.81,2.63,14.19,-0.30,-0.07

126.55,10.81,2.63,14.19,-0.30,-0.07

126.55,10.81,2.63,14.19,-0.30,-0.07

126.55,10.81,2.63,14.19,-0.30,-0.07

126.65,10.88,2.63,14.25,-0.30,-0.07

126.65,10.88,2.63,14.25,-0.30,-0.07

126.65,10.88,2.63,14.25,-0.30,-0.07

126.65,10.88,2.63,14.25,-0.30,-0.07

126.65,10.88,2.63,14.25,-0.30,-0.07

126.65,10.88,2.63,14.25,-0.30,-0.07

126.65,10.88,2.63,14.25,-0.30,-0.07

126.65,10.88,2.63,14.25,-0.30,-0.07

126.76,10.94,2.63,14.19,-0.30,-0.05

126.76,10.94,2.63,14.19,-0.30,-0.05

126.76,10.94,2.63,14.19,-0.30,-0.05

126.76,10.94,2.63,14.19,-0.30,-0.05

126.86,10.88,2.63,14.19,-0.30,-0.06

126.86,10.88,2.63,14.19,-0.30,-0.06

126.86,10.88,2.63,14.19,-0.30,-0.06

126.86,10.88,2.63,14.19,-0.30,-0.06

126.86,10.88,2.63,14.19,-0.30,-0.06

126.86,10.88,2.63,14.19,-0.30,-0.06

126.86,10.88,2.63,14.19,-0.30,-0.06

126.86,10.88,2.63,14.19,-0.30,-0.06

126.97,10.69,2.56,14.31,-0.30,-0.06

126.97,10.69,2.56,14.31,-0.30,-0.06

126.97,10.69,2.56,14.31,-0.30,-0.06

126.97,10.69,2.56,14.31,-0.30,-0.06

126.97,10.69,2.56,14.31,-0.30,-0.06

126.97,10.69,2.56,14.31,-0.30,-0.06

127.07,10.81,2.63,14.31,-0.30,-0.05

127.07,10.81,2.63,14.31,-0.30,-0.05

127.07,10.81,2.63,14.31,-0.30,-0.05

127.07,10.81,2.63,14.31,-0.30,-0.05

127.07,10.81,2.63,14.31,-0.30,-0.05

127.07,10.81,2.63,14.31,-0.30,-0.05

127.17,10.81,2.63,14.31,-0.29,-0.04

127.17,10.81,2.63,14.31,-0.29,-0.04

127.17,10.81,2.63,14.31,-0.29,-0.04

127.17,10.81,2.63,14.31,-0.29,-0.04

127.17,10.81,2.63,14.31,-0.29,-0.04

127.17,10.81,2.63,14.31,-0.29,-0.04

127.28,10.75,2.63,14.31,-0.29,-0.05

127.28,10.75,2.63,14.31,-0.29,-0.05

127.28,10.75,2.63,14.31,-0.29,-0.05

127.28,10.75,2.63,14.31,-0.29,-0.05

127.28,10.75,2.63,14.31,-0.29,-0.05

127.28,10.75,2.63,14.31,-0.29,-0.05

127.38,10.75,2.63,14.31,-0.29,-0.05

127.38,10.75,2.63,14.31,-0.29,-0.05

127.38,10.75,2.63,14.31,-0.29,-0.05

127.38,10.75,2.63,14.31,-0.29,-0.05

127.38,10.75,2.63,14.31,-0.29,-0.05

127.38,10.75,2.63,14.31,-0.29,-0.05

127.48,10.81,2.63,14.31,-0.29,-0.05

127.48,10.81,2.63,14.31,-0.29,-0.05

127.48,10.81,2.63,14.31,-0.29,-0.05

127.48,10.81,2.63,14.31,-0.29,-0.05

127.48,10.81,2.63,14.31,-0.29,-0.05

127.48,10.81,2.63,14.31,-0.29,-0.05

127.59,10.75,2.63,14.38,-0.29,-0.04

127.59,10.75,2.63,14.38,-0.29,-0.04

127.59,10.75,2.63,14.38,-0.29,-0.04

127.59,10.75,2.63,14.38,-0.29,-0.04

127.59,10.75,2.63,14.38,-0.29,-0.04

127.59,10.75,2.63,14.38,-0.29,-0.04

127.59,10.75,2.63,14.38,-0.29,-0.04

127.69,10.81,2.63,14.38,-0.29,-0.05

127.69,10.81,2.63,14.38,-0.29,-0.05

127.69,10.81,2.63,14.38,-0.29,-0.05

127.69,10.81,2.63,14.38,-0.29,-0.05

127.69,10.81,2.63,14.38,-0.29,-0.05

127.69,10.81,2.63,14.38,-0.29,-0.05

127.80,10.81,2.69,14.31,-0.29,-0.06

127.80,10.81,2.69,14.31,-0.29,-0.06

127.80,10.81,2.69,14.31,-0.29,-0.06

127.80,10.81,2.69,14.31,-0.29,-0.06

127.80,10.81,2.69,14.31,-0.29,-0.06

127.90,10.75,2.63,14.38,-0.29,-0.05

127.90,10.75,2.63,14.38,-0.29,-0.05

127.90,10.75,2.63,14.38,-0.29,-0.05

127.90,10.75,2.63,14.38,-0.29,-0.05

127.90,10.75,2.63,14.38,-0.29,-0.05

127.90,10.75,2.63,14.38,-0.29,-0.05

128.00,10.81,2.69,14.38,-0.29,-0.05

128.00,10.81,2.69,14.38,-0.29,-0.05

128.00,10.81,2.69,14.38,-0.29,-0.05

128.00,10.81,2.69,14.38,-0.29,-0.05

128.00,10.81,2.69,14.38,-0.29,-0.05

128.00,10.81,2.69,14.38,-0.29,-0.05

128.00,10.81,2.69,14.38,-0.29,-0.05

128.11,10.81,2.69,14.38,-0.28,-0.05

128.11,10.81,2.69,14.38,-0.28,-0.05

128.11,10.81,2.69,14.38,-0.28,-0.05

128.11,10.81,2.69,14.38,-0.28,-0.05

128.11,10.81,2.69,14.38,-0.28,-0.05

128.11,10.81,2.69,14.38,-0.28,-0.05

128.21,10.88,2.69,14.44,-0.28,-0.06

128.21,10.88,2.69,14.44,-0.28,-0.06

128.21,10.88,2.69,14.44,-0.28,-0.06

128.21,10.88,2.69,14.44,-0.28,-0.06

128.21,10.88,2.69,14.44,-0.28,-0.06

128.21,10.88,2.69,14.44,-0.28,-0.06

128.21,10.88,2.69,14.44,-0.28,-0.06

128.21,10.88,2.69,14.44,-0.28,-0.06

128.32,10.81,2.69,14.44,-0.27,-0.06

128.32,10.81,2.69,14.44,-0.27,-0.06

128.32,10.81,2.69,14.44,-0.27,-0.06

128.32,10.81,2.69,14.44,-0.27,-0.06

128.32,10.81,2.69,14.44,-0.27,-0.06

128.42,10.81,2.69,14.38,-0.26,-0.07

128.42,10.81,2.69,14.38,-0.26,-0.07

128.42,10.81,2.69,14.38,-0.26,-0.07

128.42,10.81,2.69,14.38,-0.26,-0.07

128.42,10.81,2.69,14.38,-0.26,-0.07

128.42,10.81,2.69,14.38,-0.26,-0.07

128.52,10.75,2.69,14.44,-0.26,-0.06

128.52,10.75,2.69,14.44,-0.26,-0.06

128.52,10.75,2.69,14.44,-0.26,-0.06

128.52,10.75,2.69,14.44,-0.26,-0.06

128.52,10.75,2.69,14.44,-0.26,-0.06

128.52,10.75,2.69,14.44,-0.26,-0.06

128.52,10.75,2.69,14.44,-0.26,-0.06

128.63,10.94,2.69,14.44,-0.27,-0.05

128.63,10.94,2.69,14.44,-0.27,-0.05

128.63,10.94,2.69,14.44,-0.27,-0.05

128.63,10.94,2.69,14.44,-0.27,-0.05

128.63,10.94,2.69,14.44,-0.27,-0.05

128.73,10.88,2.69,14.38,-0.27,-0.06

128.73,10.88,2.69,14.38,-0.27,-0.06

128.73,10.88,2.69,14.38,-0.27,-0.06

128.73,10.88,2.69,14.38,-0.27,-0.06

128.73,10.88,2.69,14.38,-0.27,-0.06

128.73,10.88,2.69,14.38,-0.27,-0.06

128.73,10.88,2.69,14.38,-0.27,-0.06

128.83,10.69,2.63,14.44,-0.27,-0.07

128.83,10.69,2.63,14.44,-0.27,-0.07

128.83,10.69,2.63,14.44,-0.27,-0.07

128.83,10.69,2.63,14.44,-0.27,-0.07

128.83,10.69,2.63,14.44,-0.27,-0.07

128.94,10.69,2.63,14.44,-0.27,-0.06

128.94,10.69,2.63,14.44,-0.27,-0.06

128.94,10.69,2.63,14.44,-0.27,-0.06

128.94,10.69,2.63,14.44,-0.27,-0.06

128.94,10.69,2.63,14.44,-0.27,-0.06

128.94,10.69,2.63,14.44,-0.27,-0.06

128.94,10.69,2.63,14.44,-0.27,-0.06

129.04,10.88,2.69,14.44,-0.27,-0.05

129.04,10.88,2.69,14.44,-0.27,-0.05

129.04,10.88,2.69,14.44,-0.27,-0.05

129.04,10.88,2.69,14.44,-0.27,-0.05

129.04,10.88,2.69,14.44,-0.27,-0.05

129.04,10.88,2.69,14.44,-0.27,-0.05

129.04,10.88,2.69,14.44,-0.27,-0.05

129.04,10.88,2.69,14.44,-0.27,-0.05

129.04,10.88,2.69,14.44,-0.27,-0.05

129.14,10.81,2.69,14.50,-0.27,-0.06

129.14,10.81,2.69,14.50,-0.27,-0.06

129.14,10.81,2.69,14.50,-0.27,-0.06

129.14,10.81,2.69,14.50,-0.27,-0.06

129.25,10.75,2.69,14.44,-0.27,-0.07

129.25,10.75,2.69,14.44,-0.27,-0.07

129.25,10.75,2.69,14.44,-0.27,-0.07

129.25,10.75,2.69,14.44,-0.27,-0.07

129.25,10.75,2.69,14.44,-0.27,-0.07

129.25,10.75,2.69,14.44,-0.27,-0.07

129.35,10.81,2.69,14.44,-0.28,-0.06

129.35,10.81,2.69,14.44,-0.28,-0.06

129.35,10.81,2.69,14.44,-0.28,-0.06

129.35,10.81,2.69,14.44,-0.28,-0.06

129.35,10.81,2.69,14.44,-0.28,-0.06

129.35,10.81,2.69,14.44,-0.28,-0.06

129.46,11.00,2.75,14.38,-0.29,-0.04

129.46,11.00,2.75,14.38,-0.29,-0.04

129.46,11.00,2.75,14.38,-0.29,-0.04

129.46,11.00,2.75,14.38,-0.29,-0.04

129.46,11.00,2.75,14.38,-0.29,-0.04

129.46,11.00,2.75,14.38,-0.29,-0.04

129.56,8.13,1.94,14.88,-0.30,-0.07

129.56,8.13,1.94,14.88,-0.30,-0.07

129.56,8.13,1.94,14.88,-0.30,-0.07

129.56,8.13,1.94,14.88,-0.30,-0.07

129.56,8.13,1.94,14.88,-0.30,-0.07

129.56,8.13,1.94,14.88,-0.30,-0.07

129.66,9.81,2.75,14.63,-0.51,-0.15

129.66,9.81,2.75,14.63,-0.51,-0.15

129.66,9.81,2.75,14.63,-0.51,-0.15

129.66,9.81,2.75,14.63,-0.51,-0.15

129.66,9.81,2.75,14.63,-0.51,-0.15

129.66,9.81,2.75,14.63,-0.51,-0.15

129.66,9.81,2.75,14.63,-0.51,-0.15

129.66,9.81,2.75,14.63,-0.51,-0.15

129.77,9.13,1.63,15.31,-2.46,-0.18

129.77,9.13,1.63,15.31,-2.46,-0.18

129.77,9.13,1.63,15.31,-2.46,-0.18

129.77,9.13,1.63,15.31,-2.46,-0.18

129.87,7.94,1.31,14.13,-3.22,-0.23

129.87,7.94,1.31,14.13,-3.22,-0.23

129.87,7.94,1.31,14.13,-3.22,-0.23

129.87,7.94,1.31,14.13,-3.22,-0.23

129.87,7.94,1.31,14.13,-3.22,-0.23

129.87,7.94,1.31,14.13,-3.22,-0.23

129.87,7.94,1.31,14.13,-3.22,-0.23

129.97,10.63,1.81,11.50,-3.72,-0.27

129.97,10.63,1.81,11.50,-3.72,-0.27

129.97,10.63,1.81,11.50,-3.72,-0.27

129.97,10.63,1.81,11.50,-3.72,-0.27

129.97,10.63,1.81,11.50,-3.72,-0.27

129.97,10.63,1.81,11.50,-3.72,-0.27

129.97,10.63,1.81,11.50,-3.72,-0.27

130.08,10.88,1.88,10.31,-4.19,-0.25

130.08,10.88,1.88,10.31,-4.19,-0.25

130.08,10.88,1.88,10.31,-4.19,-0.25

130.08,10.88,1.88,10.31,-4.19,-0.25

130.08,10.88,1.88,10.31,-4.19,-0.25

130.08,10.88,1.88,10.31,-4.19,-0.25

130.18,10.00,1.44,10.44,-4.63,-0.07

130.18,10.00,1.44,10.44,-4.63,-0.07

130.18,10.00,1.44,10.44,-4.63,-0.07

130.18,10.00,1.44,10.44,-4.63,-0.07

130.18,10.00,1.44,10.44,-4.63,-0.07

130.29,9.19,0.94,11.00,-5.16,-0.11

130.29,9.19,0.94,11.00,-5.16,-0.11

130.29,9.19,0.94,11.00,-5.16,-0.11

130.29,9.19,0.94,11.00,-5.16,-0.11

130.29,9.19,0.94,11.00,-5.16,-0.11

130.29,9.19,0.94,11.00,-5.16,-0.11

130.29,9.19,0.94,11.00,-5.16,-0.11

130.39,9.31,1.00,11.25,-5.39,-0.19

130.39,9.31,1.00,11.25,-5.39,-0.19

130.39,9.31,1.00,11.25,-5.39,-0.19

130.39,9.31,1.00,11.25,-5.39,-0.19

130.39,9.31,1.00,11.25,-5.39,-0.19

130.39,9.31,1.00,11.25,-5.39,-0.19

130.49,9.63,0.81,10.69,-5.62,-0.24

130.49,9.63,0.81,10.69,-5.62,-0.24

130.49,9.63,0.81,10.69,-5.62,-0.24

130.49,9.63,0.81,10.69,-5.62,-0.24

130.49,9.63,0.81,10.69,-5.62,-0.24

130.49,9.63,0.81,10.69,-5.62,-0.24

130.60,9.81,0.56,10.38,-5.91,-0.23

130.60,9.81,0.56,10.38,-5.91,-0.23

130.60,9.81,0.56,10.38,-5.91,-0.23

130.60,9.81,0.56,10.38,-5.91,-0.23

130.60,9.81,0.56,10.38,-5.91,-0.23

130.60,9.81,0.56,10.38,-5.91,-0.23

130.70,9.69,0.38,10.63,-6.17,-0.18

130.70,9.69,0.38,10.63,-6.17,-0.18

130.70,9.69,0.38,10.63,-6.17,-0.18

130.70,9.69,0.38,10.63,-6.17,-0.18

130.70,9.69,0.38,10.63,-6.17,-0.18

130.70,9.69,0.38,10.63,-6.17,-0.18

130.80,9.81,-0.13,9.88,-6.88,-0.23

130.80,9.81,-0.13,9.88,-6.88,-0.23

130.80,9.81,-0.13,9.88,-6.88,-0.23

130.80,9.81,-0.13,9.88,-6.88,-0.23

130.80,9.81,-0.13,9.88,-6.88,-0.23

130.80,9.81,-0.13,9.88,-6.88,-0.23

130.80,9.81,-0.13,9.88,-6.88,-0.23

130.91,9.88,-0.13,10.19,-7.28,-0.25

130.91,9.88,-0.13,10.19,-7.28,-0.25

130.91,9.88,-0.13,10.19,-7.28,-0.25

130.91,9.88,-0.13,10.19,-7.28,-0.25

130.91,9.88,-0.13,10.19,-7.28,-0.25

130.91,9.88,-0.13,10.19,-7.28,-0.25

131.01,10.13,0.25,10.69,-7.51,-0.22

131.01,10.13,0.25,10.69,-7.51,-0.22

131.01,10.13,0.25,10.69,-7.51,-0.22

131.01,10.13,0.25,10.69,-7.51,-0.22

131.01,10.13,0.25,10.69,-7.51,-0.22

131.01,10.13,0.25,10.69,-7.51,-0.22

131.01,10.13,0.25,10.69,-7.51,-0.22

131.11,12.31,1.81,8.69,-7.03,-0.23

131.11,12.31,1.81,8.69,-7.03,-0.23

131.11,12.31,1.81,8.69,-7.03,-0.23

131.11,12.31,1.81,8.69,-7.03,-0.23

131.11,12.31,1.81,8.69,-7.03,-0.23

131.22,13.25,2.25,6.25,-5.38,-0.11

131.22,13.25,2.25,6.25,-5.38,-0.11

131.22,13.25,2.25,6.25,-5.38,-0.11

131.22,13.25,2.25,6.25,-5.38,-0.11

131.22,13.25,2.25,6.25,-5.38,-0.11

131.22,13.25,2.25,6.25,-5.38,-0.11

131.22,13.25,2.25,6.25,-5.38,-0.11

131.32,9.13,3.13,7.00,-0.67,0.18

131.32,9.13,3.13,7.00,-0.67,0.18

131.32,9.13,3.13,7.00,-0.67,0.18

131.32,9.13,3.13,7.00,-0.67,0.18

131.32,9.13,3.13,7.00,-0.67,0.18

131.32,9.13,3.13,7.00,-0.67,0.18

131.43,7.44,2.69,7.38,0.09,0.15

131.43,7.44,2.69,7.38,0.09,0.15

131.43,7.44,2.69,7.38,0.09,0.15

131.43,7.44,2.69,7.38,0.09,0.15

131.43,7.44,2.69,7.38,0.09,0.15

131.43,7.44,2.69,7.38,0.09,0.15

131.53,7.13,3.38,6.63,0.27,0.09

131.53,7.13,3.38,6.63,0.27,0.09

131.53,7.13,3.38,6.63,0.27,0.09

131.53,7.13,3.38,6.63,0.27,0.09

131.53,7.13,3.38,6.63,0.27,0.09

131.53,7.13,3.38,6.63,0.27,0.09

131.63,6.75,4.81,5.63,0.23,0.07

131.63,6.75,4.81,5.63,0.23,0.07

131.63,6.75,4.81,5.63,0.23,0.07

131.63,6.75,4.81,5.63,0.23,0.07

131.63,6.75,4.81,5.63,0.23,0.07

131.63,6.75,4.81,5.63,0.23,0.07

131.63,6.75,4.81,5.63,0.23,0.07

131.74,5.63,8.06,5.00,0.21,0.08

131.74,5.63,8.06,5.00,0.21,0.08

131.74,5.63,8.06,5.00,0.21,0.08

131.74,5.63,8.06,5.00,0.21,0.08

131.74,5.63,8.06,5.00,0.21,0.08

131.74,5.63,8.06,5.00,0.21,0.08

131.84,8.00,9.88,4.31,0.09,0.10

131.84,8.00,9.88,4.31,0.09,0.10

131.84,8.00,9.88,4.31,0.09,0.10

131.84,8.00,9.88,4.31,0.09,0.10

131.84,8.00,9.88,4.31,0.09,0.10

131.84,8.00,9.88,4.31,0.09,0.10

131.95,4.81,7.94,5.50,0.11,0.14

131.95,4.81,7.94,5.50,0.11,0.14

131.95,4.81,7.94,5.50,0.11,0.14

131.95,4.81,7.94,5.50,0.11,0.14

131.95,4.81,7.94,5.50,0.11,0.14

131.95,4.81,7.94,5.50,0.11,0.14

131.95,4.81,7.94,5.50,0.11,0.14

132.05,5.75,7.38,6.00,-0.02,0.10

132.05,5.75,7.38,6.00,-0.02,0.10

132.05,5.75,7.38,6.00,-0.02,0.10

132.05,5.75,7.38,6.00,-0.02,0.10

132.05,5.75,7.38,6.00,-0.02,0.10

132.05,5.75,7.38,6.00,-0.02,0.10

132.15,6.88,6.94,5.25,-0.40,0.06

132.15,6.88,6.94,5.25,-0.40,0.06

132.15,6.88,6.94,5.25,-0.40,0.06

132.15,6.88,6.94,5.25,-0.40,0.06

132.15,6.88,6.94,5.25,-0.40,0.06

132.15,6.88,6.94,5.25,-0.40,0.06

132.26,8.25,6.88,4.69,-1.03,0.05

132.26,8.25,6.88,4.69,-1.03,0.05

132.26,8.25,6.88,4.69,-1.03,0.05

132.26,8.25,6.88,4.69,-1.03,0.05

132.26,8.25,6.88,4.69,-1.03,0.05

132.36,8.06,6.31,4.94,-2.63,0.07

132.36,8.06,6.31,4.94,-2.63,0.07

132.36,8.06,6.31,4.94,-2.63,0.07

132.36,8.06,6.31,4.94,-2.63,0.07

132.36,8.06,6.31,4.94,-2.63,0.07

132.36,8.06,6.31,4.94,-2.63,0.07

132.36,8.06,6.31,4.94,-2.63,0.07

132.36,8.06,6.31,4.94,-2.63,0.07

132.36,8.06,6.31,4.94,-2.63,0.07

132.46,8.94,6.13,3.50,-3.30,0.08

132.46,8.94,6.13,3.50,-3.30,0.08

132.46,8.94,6.13,3.50,-3.30,0.08

132.46,8.94,6.13,3.50,-3.30,0.08

132.57,9.00,6.19,2.06,-4.05,0.09

132.57,9.00,6.19,2.06,-4.05,0.09

132.57,9.00,6.19,2.06,-4.05,0.09

132.57,9.00,6.19,2.06,-4.05,0.09

132.57,9.00,6.19,2.06,-4.05,0.09

132.57,9.00,6.19,2.06,-4.05,0.09

132.57,9.00,6.19,2.06,-4.05,0.09

132.67,8.00,5.63,3.50,-4.56,0.14

132.67,8.00,5.63,3.50,-4.56,0.14

132.67,8.00,5.63,3.50,-4.56,0.14

132.67,8.00,5.63,3.50,-4.56,0.14

132.67,8.00,5.63,3.50,-4.56,0.14

132.67,8.00,5.63,3.50,-4.56,0.14

132.67,8.00,5.63,3.50,-4.56,0.14

132.67,8.00,5.63,3.50,-4.56,0.14

132.67,8.00,5.63,3.50,-4.56,0.14

132.77,6.44,4.69,5.81,-4.93,0.13

132.77,6.44,4.69,5.81,-4.93,0.13

132.88,6.25,4.38,6.25,-5.58,0.00

132.88,6.25,4.38,6.25,-5.58,0.00

132.88,6.25,4.38,6.25,-5.58,0.00

132.88,6.25,4.38,6.25,-5.58,0.00

132.88,6.25,4.38,6.25,-5.58,0.00

132.88,6.25,4.38,6.25,-5.58,0.00

132.88,6.25,4.38,6.25,-5.58,0.00

132.88,6.25,4.38,6.25,-5.58,0.00

132.98,5.88,4.06,6.88,-5.84,-0.13

132.98,5.88,4.06,6.88,-5.84,-0.13

132.98,5.88,4.06,6.88,-5.84,-0.13

132.98,5.88,4.06,6.88,-5.84,-0.13

132.98,5.88,4.06,6.88,-5.84,-0.13

132.98,5.88,4.06,6.88,-5.84,-0.13

133.09,6.25,4.13,6.13,-6.11,-0.23

133.09,6.25,4.13,6.13,-6.11,-0.23

133.09,6.25,4.13,6.13,-6.11,-0.23

133.09,6.25,4.13,6.13,-6.11,-0.23

133.09,6.25,4.13,6.13,-6.11,-0.23

133.09,6.25,4.13,6.13,-6.11,-0.23

133.19,5.50,3.50,6.25,-6.34,-0.22

133.19,5.50,3.50,6.25,-6.34,-0.22

133.19,5.50,3.50,6.25,-6.34,-0.22

133.19,5.50,3.50,6.25,-6.34,-0.22

133.19,5.50,3.50,6.25,-6.34,-0.22

133.19,5.50,3.50,6.25,-6.34,-0.22

133.29,5.50,3.19,6.19,-6.58,-0.23

133.29,5.50,3.19,6.19,-6.58,-0.23

133.29,5.50,3.19,6.19,-6.58,-0.23

133.29,5.50,3.19,6.19,-6.58,-0.23

133.29,5.50,3.19,6.19,-6.58,-0.23

133.29,5.50,3.19,6.19,-6.58,-0.23

133.40,6.13,3.25,4.81,-7.38,-0.29

133.40,6.13,3.25,4.81,-7.38,-0.29

133.40,6.13,3.25,4.81,-7.38,-0.29

133.40,6.13,3.25,4.81,-7.38,-0.29

133.40,6.13,3.25,4.81,-7.38,-0.29

133.40,6.13,3.25,4.81,-7.38,-0.29

133.50,4.81,3.56,5.38,-7.64,-0.28

133.50,4.81,3.56,5.38,-7.64,-0.28

133.50,4.81,3.56,5.38,-7.64,-0.28

133.50,4.81,3.56,5.38,-7.64,-0.28

133.50,4.81,3.56,5.38,-7.64,-0.28

133.50,4.81,3.56,5.38,-7.64,-0.28

133.50,4.81,3.56,5.38,-7.64,-0.28

133.60,3.13,3.25,5.69,-7.22,-0.27

133.60,3.13,3.25,5.69,-7.22,-0.27

133.60,3.13,3.25,5.69,-7.22,-0.27

133.60,3.13,3.25,5.69,-7.22,-0.27

133.60,3.13,3.25,5.69,-7.22,-0.27

133.71,4.00,4.13,5.38,-5.34,-0.29

133.71,4.00,4.13,5.38,-5.34,-0.29

133.71,4.00,4.13,5.38,-5.34,-0.29

133.71,4.00,4.13,5.38,-5.34,-0.29

133.71,4.00,4.13,5.38,-5.34,-0.29

133.71,4.00,4.13,5.38,-5.34,-0.29

133.71,4.00,4.13,5.38,-5.34,-0.29

133.81,4.81,5.88,4.69,-3.13,-0.21

133.81,4.81,5.88,4.69,-3.13,-0.21

133.81,4.81,5.88,4.69,-3.13,-0.21

133.81,4.81,5.88,4.69,-3.13,-0.21

133.81,4.81,5.88,4.69,-3.13,-0.21

133.81,4.81,5.88,4.69,-3.13,-0.21

133.91,5.00,6.50,4.13,-0.93,-0.09

133.91,5.00,6.50,4.13,-0.93,-0.09

133.91,5.00,6.50,4.13,-0.93,-0.09

133.91,5.00,6.50,4.13,-0.93,-0.09

133.91,5.00,6.50,4.13,-0.93,-0.09

133.91,5.00,6.50,4.13,-0.93,-0.09

133.91,5.00,6.50,4.13,-0.93,-0.09

134.02,3.94,6.50,5.19,-0.57,-0.05

134.02,3.94,6.50,5.19,-0.57,-0.05

134.02,3.94,6.50,5.19,-0.57,-0.05

134.02,3.94,6.50,5.19,-0.57,-0.05

134.02,3.94,6.50,5.19,-0.57,-0.05

134.02,3.94,6.50,5.19,-0.57,-0.05

134.12,2.75,5.88,6.38,-0.37,-0.03

134.12,2.75,5.88,6.38,-0.37,-0.03

134.12,2.75,5.88,6.38,-0.37,-0.03

134.12,2.75,5.88,6.38,-0.37,-0.03

134.12,2.75,5.88,6.38,-0.37,-0.03

134.22,2.56,5.88,6.56,-0.26,-0.13

134.22,2.56,5.88,6.56,-0.26,-0.13

134.22,2.56,5.88,6.56,-0.26,-0.13

134.22,2.56,5.88,6.56,-0.26,-0.13

134.22,2.56,5.88,6.56,-0.26,-0.13

134.22,2.56,5.88,6.56,-0.26,-0.13

134.22,2.56,5.88,6.56,-0.26,-0.13

134.33,3.31,6.19,6.06,-0.23,-0.14

134.33,3.31,6.19,6.06,-0.23,-0.14

134.33,3.31,6.19,6.06,-0.23,-0.14

134.33,3.31,6.19,6.06,-0.23,-0.14

134.33,3.31,6.19,6.06,-0.23,-0.14

134.33,3.31,6.19,6.06,-0.23,-0.14

134.43,3.69,6.63,5.94,-0.16,-0.11

134.43,3.69,6.63,5.94,-0.16,-0.11

134.43,3.69,6.63,5.94,-0.16,-0.11

134.43,3.69,6.63,5.94,-0.16,-0.11

134.43,3.69,6.63,5.94,-0.16,-0.11

134.43,3.69,6.63,5.94,-0.16,-0.11

134.43,3.69,6.63,5.94,-0.16,-0.11

134.54,4.19,6.81,5.69,-0.13,-0.07

134.54,4.19,6.81,5.69,-0.13,-0.07

134.54,4.19,6.81,5.69,-0.13,-0.07

134.54,4.19,6.81,5.69,-0.13,-0.07

134.54,4.19,6.81,5.69,-0.13,-0.07

134.54,4.19,6.81,5.69,-0.13,-0.07

134.64,4.31,6.94,5.44,-0.14,-0.06

134.64,4.31,6.94,5.44,-0.14,-0.06

134.64,4.31,6.94,5.44,-0.14,-0.06

134.64,4.31,6.94,5.44,-0.14,-0.06

134.64,4.31,6.94,5.44,-0.14,-0.06

134.64,4.31,6.94,5.44,-0.14,-0.06

134.74,4.56,6.94,5.19,-0.16,-0.06

134.74,4.56,6.94,5.19,-0.16,-0.06

134.74,4.56,6.94,5.19,-0.16,-0.06

134.74,4.56,6.94,5.19,-0.16,-0.06

134.74,4.56,6.94,5.19,-0.16,-0.06

134.74,4.56,6.94,5.19,-0.16,-0.06

134.85,4.44,6.94,5.31,-0.16,-0.05

134.85,4.44,6.94,5.31,-0.16,-0.05

134.85,4.44,6.94,5.31,-0.16,-0.05

134.85,4.44,6.94,5.31,-0.16,-0.05

134.85,4.44,6.94,5.31,-0.16,-0.05

134.85,4.44,6.94,5.31,-0.16,-0.05

134.85,4.44,6.94,5.31,-0.16,-0.05

134.95,4.31,6.94,5.19,-0.19,-0.05

134.95,4.31,6.94,5.19,-0.19,-0.05

134.95,4.31,6.94,5.19,-0.19,-0.05

134.95,4.31,6.94,5.19,-0.19,-0.05

134.95,4.31,6.94,5.19,-0.19,-0.05

135.06,4.50,6.94,4.81,-0.18,-0.05

135.06,4.50,6.94,4.81,-0.18,-0.05

135.06,4.50,6.94,4.81,-0.18,-0.05

135.06,4.50,6.94,4.81,-0.18,-0.05

135.06,4.50,6.94,4.81,-0.18,-0.05

135.06,4.50,6.94,4.81,-0.18,-0.05

135.16,4.69,7.00,4.50,-0.20,-0.05

135.16,4.69,7.00,4.50,-0.20,-0.05

135.16,4.69,7.00,4.50,-0.20,-0.05

135.16,4.69,7.00,4.50,-0.20,-0.05

135.16,4.69,7.00,4.50,-0.20,-0.05

135.16,4.69,7.00,4.50,-0.20,-0.05

135.16,4.69,7.00,4.50,-0.20,-0.05

135.26,4.63,7.00,4.56,-0.20,-0.04

135.26,4.63,7.00,4.56,-0.20,-0.04

135.26,4.63,7.00,4.56,-0.20,-0.04

135.26,4.63,7.00,4.56,-0.20,-0.04

135.26,4.63,7.00,4.56,-0.20,-0.04

135.26,4.63,7.00,4.56,-0.20,-0.04

135.37,4.81,7.00,4.06,-0.21,-0.03

135.37,4.81,7.00,4.06,-0.21,-0.03

135.37,4.81,7.00,4.06,-0.21,-0.03

135.37,4.81,7.00,4.06,-0.21,-0.03

135.37,4.81,7.00,4.06,-0.21,-0.03

135.37,4.81,7.00,4.06,-0.21,-0.03

135.37,4.81,7.00,4.06,-0.21,-0.03

135.37,4.81,7.00,4.06,-0.21,-0.03

135.47,5.06,7.13,3.69,-0.27,-0.02

135.47,5.06,7.13,3.69,-0.27,-0.02

135.47,5.06,7.13,3.69,-0.27,-0.02

135.47,5.06,7.13,3.69,-0.27,-0.02

135.57,4.75,7.13,3.94,-0.30,0.01

135.57,4.75,7.13,3.94,-0.30,0.01

135.57,4.75,7.13,3.94,-0.30,0.01

135.57,4.75,7.13,3.94,-0.30,0.01

135.57,4.75,7.13,3.94,-0.30,0.01

135.57,4.75,7.13,3.94,-0.30,0.01

135.57,4.75,7.13,3.94,-0.30,0.01

135.68,4.69,7.00,3.63,-0.30,0.01

135.68,4.69,7.00,3.63,-0.30,0.01

135.68,4.69,7.00,3.63,-0.30,0.01

135.68,4.69,7.00,3.63,-0.30,0.01

135.68,4.69,7.00,3.63,-0.30,0.01

135.68,4.69,7.00,3.63,-0.30,0.01

135.68,4.69,7.00,3.63,-0.30,0.01

135.78,5.13,7.19,3.44,-0.30,0.00

135.78,5.13,7.19,3.44,-0.30,0.00

135.78,5.13,7.19,3.44,-0.30,0.00

135.78,5.13,7.19,3.44,-0.30,0.00

135.78,5.13,7.19,3.44,-0.30,0.00

135.78,5.13,7.19,3.44,-0.30,0.00

135.88,5.31,7.13,4.25,-0.34,0.03

135.88,5.31,7.13,4.25,-0.34,0.03

135.88,5.31,7.13,4.25,-0.34,0.03

135.88,5.31,7.13,4.25,-0.34,0.03

135.88,5.31,7.13,4.25,-0.34,0.03

135.88,5.31,7.13,4.25,-0.34,0.03

135.99,6.75,6.75,4.00,-0.64,0.02

135.99,6.75,6.75,4.00,-0.64,0.02

135.99,6.75,6.75,4.00,-0.64,0.02

135.99,6.75,6.75,4.00,-0.64,0.02

135.99,6.75,6.75,4.00,-0.64,0.02

135.99,6.75,6.75,4.00,-0.64,0.02

136.09,8.19,6.06,2.81,-1.51,0.02

136.09,8.19,6.06,2.81,-1.51,0.02

136.09,8.19,6.06,2.81,-1.51,0.02

136.09,8.19,6.06,2.81,-1.51,0.02

136.09,8.19,6.06,2.81,-1.51,0.02

136.20,6.38,4.19,4.25,-2.88,0.03

136.20,6.38,4.19,4.25,-2.88,0.03

136.20,6.38,4.19,4.25,-2.88,0.03

136.20,6.38,4.19,4.25,-2.88,0.03

136.20,6.38,4.19,4.25,-2.88,0.03

136.20,6.38,4.19,4.25,-2.88,0.03

136.20,6.38,4.19,4.25,-2.88,0.03

136.20,6.38,4.19,4.25,-2.88,0.03

136.30,5.13,3.25,5.63,-4.38,-0.01

136.30,5.13,3.25,5.63,-4.38,-0.01

136.30,5.13,3.25,5.63,-4.38,-0.01

136.30,5.13,3.25,5.63,-4.38,-0.01

136.30,5.13,3.25,5.63,-4.38,-0.01

136.40,5.69,2.81,4.94,-5.58,-0.16

136.40,5.69,2.81,4.94,-5.58,-0.16

136.40,5.69,2.81,4.94,-5.58,-0.16

136.40,5.69,2.81,4.94,-5.58,-0.16

136.40,5.69,2.81,4.94,-5.58,-0.16

136.40,5.69,2.81,4.94,-5.58,-0.16

136.40,5.69,2.81,4.94,-5.58,-0.16

136.51,4.88,2.81,5.50,-6.81,-0.28

136.51,4.88,2.81,5.50,-6.81,-0.28

136.51,4.88,2.81,5.50,-6.81,-0.28

136.51,4.88,2.81,5.50,-6.81,-0.28

136.51,4.88,2.81,5.50,-6.81,-0.28

136.51,4.88,2.81,5.50,-6.81,-0.28

136.61,2.13,3.56,8.00,-6.46,-0.30

136.61,2.13,3.56,8.00,-6.46,-0.30

136.61,2.13,3.56,8.00,-6.46,-0.30

136.61,2.13,3.56,8.00,-6.46,-0.30

136.61,2.13,3.56,8.00,-6.46,-0.30

136.61,2.13,3.56,8.00,-6.46,-0.30

136.61,2.13,3.56,8.00,-6.46,-0.30

136.71,2.50,3.44,9.75,-3.92,-0.26

136.71,2.50,3.44,9.75,-3.92,-0.26

136.71,2.50,3.44,9.75,-3.92,-0.26

136.71,2.50,3.44,9.75,-3.92,-0.26

136.71,2.50,3.44,9.75,-3.92,-0.26

136.71,2.50,3.44,9.75,-3.92,-0.26

136.82,5.25,4.63,12.00,-1.07,-0.20

136.82,5.25,4.63,12.00,-1.07,-0.20

136.82,5.25,4.63,12.00,-1.07,-0.20

136.82,5.25,4.63,12.00,-1.07,-0.20

136.82,5.25,4.63,12.00,-1.07,-0.20

136.92,5.56,4.56,12.44,0.05,-0.18

136.92,5.56,4.56,12.44,0.05,-0.18

136.92,5.56,4.56,12.44,0.05,-0.18

136.92,5.56,4.56,12.44,0.05,-0.18

136.92,5.56,4.56,12.44,0.05,-0.18

136.92,5.56,4.56,12.44,0.05,-0.18

136.92,5.56,4.56,12.44,0.05,-0.18

137.02,6.00,3.75,11.38,0.48,-0.16

137.02,6.00,3.75,11.38,0.48,-0.16

137.02,6.00,3.75,11.38,0.48,-0.16

137.02,6.00,3.75,11.38,0.48,-0.16

137.02,6.00,3.75,11.38,0.48,-0.16

137.13,3.69,2.63,11.13,0.41,-0.11

137.13,3.69,2.63,11.13,0.41,-0.11

137.13,3.69,2.63,11.13,0.41,-0.11

137.13,3.69,2.63,11.13,0.41,-0.11

137.13,3.69,2.63,11.13,0.41,-0.11

137.13,3.69,2.63,11.13,0.41,-0.11

137.13,3.69,2.63,11.13,0.41,-0.11

137.23,4.25,2.19,12.56,0.44,-0.09

137.23,4.25,2.19,12.56,0.44,-0.09

137.23,4.25,2.19,12.56,0.44,-0.09

137.23,4.25,2.19,12.56,0.44,-0.09

137.23,4.25,2.19,12.56,0.44,-0.09

137.23,4.25,2.19,12.56,0.44,-0.09

137.23,4.25,2.19,12.56,0.44,-0.09

137.33,7.44,3.25,13.81,0.49,-0.08

137.33,7.44,3.25,13.81,0.49,-0.08

137.33,7.44,3.25,13.81,0.49,-0.08

137.33,7.44,3.25,13.81,0.49,-0.08

137.33,7.44,3.25,13.81,0.49,-0.08

137.44,8.31,3.25,14.13,0.40,-0.08

137.44,8.31,3.25,14.13,0.40,-0.08

137.44,8.31,3.25,14.13,0.40,-0.08

137.44,8.31,3.25,14.13,0.40,-0.08

137.44,8.31,3.25,14.13,0.40,-0.08

137.44,8.31,3.25,14.13,0.40,-0.08

137.44,8.31,3.25,14.13,0.40,-0.08

137.54,8.06,2.81,14.44,0.06,-0.10

137.54,8.06,2.81,14.44,0.06,-0.10

137.54,8.06,2.81,14.44,0.06,-0.10

137.54,8.06,2.81,14.44,0.06,-0.10

137.54,8.06,2.81,14.44,0.06,-0.10

137.54,8.06,2.81,14.44,0.06,-0.10

137.65,5.75,1.31,15.00,-0.24,-0.14

137.65,5.75,1.31,15.00,-0.24,-0.14

137.65,5.75,1.31,15.00,-0.24,-0.14

137.65,5.75,1.31,15.00,-0.24,-0.14

137.65,5.75,1.31,15.00,-0.24,-0.14

137.65,5.75,1.31,15.00,-0.24,-0.14

137.75,5.81,0.69,14.19,-0.74,-0.24

137.75,5.81,0.69,14.19,-0.74,-0.24

137.75,5.81,0.69,14.19,-0.74,-0.24

137.75,5.81,0.69,14.19,-0.74,-0.24

137.75,5.81,0.69,14.19,-0.74,-0.24

137.75,5.81,0.69,14.19,-0.74,-0.24

137.75,5.81,0.69,14.19,-0.74,-0.24

137.75,5.81,0.69,14.19,-0.74,-0.24

137.75,5.81,0.69,14.19,-0.74,-0.24

137.75,5.81,0.69,14.19,-0.74,-0.24

137.86,7.44,0.56,12.88,-1.45,-0.32

137.86,7.44,0.56,12.88,-1.45,-0.32

137.96,7.44,0.25,12.19,-2.28,-0.31

137.96,7.44,0.25,12.19,-2.28,-0.31

137.96,7.44,0.25,12.19,-2.28,-0.31

137.96,7.44,0.25,12.19,-2.28,-0.31

137.96,7.44,0.25,12.19,-2.28,-0.31

137.96,7.44,0.25,12.19,-2.28,-0.31

137.96,7.44,0.25,12.19,-2.28,-0.31

137.96,7.44,0.25,12.19,-2.28,-0.31

138.06,6.75,0.56,12.38,-3.69,-0.29

138.06,6.75,0.56,12.38,-3.69,-0.29

138.06,6.75,0.56,12.38,-3.69,-0.29

138.06,6.75,0.56,12.38,-3.69,-0.29

138.06,6.75,0.56,12.38,-3.69,-0.29

138.06,6.75,0.56,12.38,-3.69,-0.29

138.06,6.75,0.56,12.38,-3.69,-0.29

138.17,5.31,0.44,13.06,-2.84,-0.28

138.17,5.31,0.44,13.06,-2.84,-0.28

138.17,5.31,0.44,13.06,-2.84,-0.28

138.17,5.31,0.44,13.06,-2.84,-0.28

138.27,5.25,1.38,13.81,-1.15,-0.16

138.27,5.25,1.38,13.81,-1.15,-0.16

138.27,5.25,1.38,13.81,-1.15,-0.16

138.27,5.25,1.38,13.81,-1.15,-0.16

138.27,5.25,1.38,13.81,-1.15,-0.16

138.27,5.25,1.38,13.81,-1.15,-0.16

138.27,5.25,1.38,13.81,-1.15,-0.16

138.37,6.06,1.88,13.81,-0.29,-0.15

138.37,6.06,1.88,13.81,-0.29,-0.15

138.37,6.06,1.88,13.81,-0.29,-0.15

138.37,6.06,1.88,13.81,-0.29,-0.15

138.37,6.06,1.88,13.81,-0.29,-0.15

138.37,6.06,1.88,13.81,-0.29,-0.15

138.37,6.06,1.88,13.81,-0.29,-0.15

138.48,5.81,2.00,13.38,-0.02,-0.14

138.48,5.81,2.00,13.38,-0.02,-0.14

138.48,5.81,2.00,13.38,-0.02,-0.14

138.48,5.81,2.00,13.38,-0.02,-0.14

138.48,5.81,2.00,13.38,-0.02,-0.14

138.48,5.81,2.00,13.38,-0.02,-0.14

138.58,5.94,2.50,13.63,0.04,-0.11

138.58,5.94,2.50,13.63,0.04,-0.11

138.58,5.94,2.50,13.63,0.04,-0.11

138.58,5.94,2.50,13.63,0.04,-0.11

138.58,5.94,2.50,13.63,0.04,-0.11

138.68,5.44,1.88,13.81,0.13,-0.08

138.68,5.44,1.88,13.81,0.13,-0.08

138.68,5.44,1.88,13.81,0.13,-0.08

138.68,5.44,1.88,13.81,0.13,-0.08

138.68,5.44,1.88,13.81,0.13,-0.08

138.68,5.44,1.88,13.81,0.13,-0.08

138.68,5.44,1.88,13.81,0.13,-0.08

138.79,9.13,2.31,13.00,0.10,-0.13

138.79,9.13,2.31,13.00,0.10,-0.13

138.79,9.13,2.31,13.00,0.10,-0.13

138.79,9.13,2.31,13.00,0.10,-0.13

138.79,9.13,2.31,13.00,0.10,-0.13

138.79,9.13,2.31,13.00,0.10,-0.13

138.89,13.94,2.75,12.00,-0.17,-0.10

138.89,13.94,2.75,12.00,-0.17,-0.10

138.89,13.94,2.75,12.00,-0.17,-0.10

138.89,13.94,2.75,12.00,-0.17,-0.10

138.89,13.94,2.75,12.00,-0.17,-0.10

138.99,16.63,3.50,10.81,-0.89,-0.00

138.99,16.63,3.50,10.81,-0.89,-0.00

138.99,16.63,3.50,10.81,-0.89,-0.00

138.99,16.63,3.50,10.81,-0.89,-0.00

138.99,16.63,3.50,10.81,-0.89,-0.00

138.99,16.63,3.50,10.81,-0.89,-0.00

138.99,16.63,3.50,10.81,-0.89,-0.00

139.10,16.81,2.50,11.06,-1.90,0.08

139.10,16.81,2.50,11.06,-1.90,0.08

139.10,16.81,2.50,11.06,-1.90,0.08

139.10,16.81,2.50,11.06,-1.90,0.08

139.10,16.81,2.50,11.06,-1.90,0.08

139.10,16.81,2.50,11.06,-1.90,0.08

139.20,16.88,1.88,11.50,-3.56,0.11

139.20,16.88,1.88,11.50,-3.56,0.11

139.20,16.88,1.88,11.50,-3.56,0.11

139.20,16.88,1.88,11.50,-3.56,0.11

139.20,16.88,1.88,11.50,-3.56,0.11

139.20,16.88,1.88,11.50,-3.56,0.11

139.20,16.88,1.88,11.50,-3.56,0.11

139.31,17.69,1.50,10.06,-4.23,0.06

139.31,17.69,1.50,10.06,-4.23,0.06

139.31,17.69,1.50,10.06,-4.23,0.06

139.31,17.69,1.50,10.06,-4.23,0.06

139.31,17.69,1.50,10.06,-4.23,0.06

139.41,17.50,1.69,9.94,-4.80,0.05

139.41,17.50,1.69,9.94,-4.80,0.05

139.41,17.50,1.69,9.94,-4.80,0.05

139.41,17.50,1.69,9.94,-4.80,0.05

139.41,17.50,1.69,9.94,-4.80,0.05

139.41,17.50,1.69,9.94,-4.80,0.05

139.41,17.50,1.69,9.94,-4.80,0.05

139.41,17.50,1.69,9.94,-4.80,0.05

139.51,17.00,2.63,11.38,-5.12,0.10

139.51,17.00,2.63,11.38,-5.12,0.10

139.51,17.00,2.63,11.38,-5.12,0.10

139.51,17.00,2.63,11.38,-5.12,0.10

139.51,17.00,2.63,11.38,-5.12,0.10

139.62,13.06,1.81,12.44,-2.82,0.08

139.62,13.06,1.81,12.44,-2.82,0.08

139.62,13.06,1.81,12.44,-2.82,0.08

139.62,13.06,1.81,12.44,-2.82,0.08

139.62,13.06,1.81,12.44,-2.82,0.08

139.62,13.06,1.81,12.44,-2.82,0.08

139.62,13.06,1.81,12.44,-2.82,0.08

139.72,12.44,1.13,13.94,-1.04,0.05

139.72,12.44,1.13,13.94,-1.04,0.05

139.72,12.44,1.13,13.94,-1.04,0.05

139.72,12.44,1.13,13.94,-1.04,0.05

139.72,12.44,1.13,13.94,-1.04,0.05

139.72,12.44,1.13,13.94,-1.04,0.05

139.83,15.81,1.75,16.06,-0.19,-0.01

139.83,15.81,1.75,16.06,-0.19,-0.01

139.83,15.81,1.75,16.06,-0.19,-0.01

139.83,15.81,1.75,16.06,-0.19,-0.01

139.83,15.81,1.75,16.06,-0.19,-0.01

139.83,15.81,1.75,16.06,-0.19,-0.01

139.93,17.44,1.38,17.38,0.17,-0.00

139.93,17.44,1.38,17.38,0.17,-0.00

139.93,17.44,1.38,17.38,0.17,-0.00

139.93,17.44,1.38,17.38,0.17,-0.00

139.93,17.44,1.38,17.38,0.17,-0.00

139.93,17.44,1.38,17.38,0.17,-0.00

140.03,18.44,-0.06,18.38,0.38,0.01

140.03,18.44,-0.06,18.38,0.38,0.01

140.03,18.44,-0.06,18.38,0.38,0.01

140.03,18.44,-0.06,18.38,0.38,0.01

140.03,18.44,-0.06,18.38,0.38,0.01

140.03,18.44,-0.06,18.38,0.38,0.01

140.14,21.63,0.06,17.56,0.45,-0.01

140.14,21.63,0.06,17.56,0.45,-0.01

140.14,21.63,0.06,17.56,0.45,-0.01

140.14,21.63,0.06,17.56,0.45,-0.01

140.14,21.63,0.06,17.56,0.45,-0.01

140.14,21.63,0.06,17.56,0.45,-0.01

140.14,21.63,0.06,17.56,0.45,-0.01

140.24,23.06,1.56,16.19,0.44,0.03

140.24,23.06,1.56,16.19,0.44,0.03

140.24,23.06,1.56,16.19,0.44,0.03

140.24,23.06,1.56,16.19,0.44,0.03

140.24,23.06,1.56,16.19,0.44,0.03

140.24,23.06,1.56,16.19,0.44,0.03

140.34,29.06,6.50,14.31,0.73,0.09

140.34,29.06,6.50,14.31,0.73,0.09

140.34,29.06,6.50,14.31,0.73,0.09

140.34,29.06,6.50,14.31,0.73,0.09

140.34,29.06,6.50,14.31,0.73,0.09

140.45,31.56,10.75,16.31,1.16,0.18

140.45,31.56,10.75,16.31,1.16,0.18

140.45,31.56,10.75,16.31,1.16,0.18

140.45,31.56,10.75,16.31,1.16,0.18

140.45,31.56,10.75,16.31,1.16,0.18

140.45,31.56,10.75,16.31,1.16,0.18

140.45,31.56,10.75,16.31,1.16,0.18

140.45,31.56,10.75,16.31,1.16,0.18

140.45,31.56,10.75,16.31,1.16,0.18

140.55,43.69,13.88,16.88,1.28,0.29

140.55,43.69,13.88,16.88,1.28,0.29

140.55,43.69,13.88,16.88,1.28,0.29

140.55,43.69,13.88,16.88,1.28,0.29

140.55,43.69,13.88,16.88,1.28,0.29

140.65,49.31,18.13,18.38,1.22,0.35

140.65,49.31,18.13,18.38,1.22,0.35

140.65,49.31,18.13,18.38,1.22,0.35

140.65,49.31,18.13,18.38,1.22,0.35

140.65,49.31,18.13,18.38,1.22,0.35

140.76,54.06,20.38,19.44,1.14,0.34

140.76,54.06,20.38,19.44,1.14,0.34

140.76,54.06,20.38,19.44,1.14,0.34

140.76,54.06,20.38,19.44,1.14,0.34

140.76,54.06,20.38,19.44,1.14,0.34

140.76,54.06,20.38,19.44,1.14,0.34

140.76,54.06,20.38,19.44,1.14,0.34

140.76,54.06,20.38,19.44,1.14,0.34

140.76,54.06,20.38,19.44,1.14,0.34

140.86,57.25,20.50,17.44,1.11,0.35

140.86,57.25,20.50,17.44,1.11,0.35

140.86,57.25,20.50,17.44,1.11,0.35

140.86,57.25,20.50,17.44,1.11,0.35

140.97,61.81,21.50,14.06,1.11,0.35

140.97,61.81,21.50,14.06,1.11,0.35

140.97,61.81,21.50,14.06,1.11,0.35

140.97,61.81,21.50,14.06,1.11,0.35

140.97,61.81,21.50,14.06,1.11,0.35

140.97,61.81,21.50,14.06,1.11,0.35

141.07,62.25,20.25,12.25,1.14,0.34

141.07,62.25,20.25,12.25,1.14,0.34

141.07,62.25,20.25,12.25,1.14,0.34

141.07,62.25,20.25,12.25,1.14,0.34

141.07,62.25,20.25,12.25,1.14,0.34

141.07,62.25,20.25,12.25,1.14,0.34

141.07,62.25,20.25,12.25,1.14,0.34

141.07,62.25,20.25,12.25,1.14,0.34

141.17,57.19,16.19,10.56,1.14,0.33

141.17,57.19,16.19,10.56,1.14,0.33

141.17,57.19,16.19,10.56,1.14,0.33

141.17,57.19,16.19,10.56,1.14,0.33

141.17,57.19,16.19,10.56,1.14,0.33

141.28,45.69,11.81,15.25,1.00,0.33

141.28,45.69,11.81,15.25,1.00,0.33

141.28,45.69,11.81,15.25,1.00,0.33

141.28,45.69,11.81,15.25,1.00,0.33

141.28,45.69,11.81,15.25,1.00,0.33

141.28,45.69,11.81,15.25,1.00,0.33

141.38,33.63,7.19,16.38,0.79,0.21

141.38,33.63,7.19,16.38,0.79,0.21

141.38,33.63,7.19,16.38,0.79,0.21

141.38,33.63,7.19,16.38,0.79,0.21

141.38,33.63,7.19,16.38,0.79,0.21

141.38,33.63,7.19,16.38,0.79,0.21

141.49,29.00,5.63,17.00,0.52,0.05

141.49,29.00,5.63,17.00,0.52,0.05

141.49,29.00,5.63,17.00,0.52,0.05

141.49,29.00,5.63,17.00,0.52,0.05

141.49,29.00,5.63,17.00,0.52,0.05

141.49,29.00,5.63,17.00,0.52,0.05

141.59,33.00,6.69,22.19,0.47,-0.08

141.59,33.00,6.69,22.19,0.47,-0.08

141.59,33.00,6.69,22.19,0.47,-0.08

141.59,33.00,6.69,22.19,0.47,-0.08

141.59,33.00,6.69,22.19,0.47,-0.08

141.59,33.00,6.69,22.19,0.47,-0.08

141.69,35.38,9.50,26.88,0.34,-0.21

141.69,35.38,9.50,26.88,0.34,-0.21

141.69,35.38,9.50,26.88,0.34,-0.21

141.69,35.38,9.50,26.88,0.34,-0.21

141.69,35.38,9.50,26.88,0.34,-0.21

141.69,35.38,9.50,26.88,0.34,-0.21

141.69,35.38,9.50,26.88,0.34,-0.21

141.79,32.81,9.69,27.94,-0.25,-0.27

141.79,32.81,9.69,27.94,-0.25,-0.27

141.79,32.81,9.69,27.94,-0.25,-0.27

141.79,32.81,9.69,27.94,-0.25,-0.27

141.79,32.81,9.69,27.94,-0.25,-0.27

141.79,32.81,9.69,27.94,-0.25,-0.27

141.90,38.81,10.50,24.13,-0.06,-0.28

141.90,38.81,10.50,24.13,-0.06,-0.28

141.90,38.81,10.50,24.13,-0.06,-0.28

141.90,38.81,10.50,24.13,-0.06,-0.28

141.90,38.81,10.50,24.13,-0.06,-0.28

141.90,38.81,10.50,24.13,-0.06,-0.28

142.00,51.31,14.56,16.25,0.33,-0.15

142.00,51.31,14.56,16.25,0.33,-0.15

142.00,51.31,14.56,16.25,0.33,-0.15

142.00,51.31,14.56,16.25,0.33,-0.15

142.00,51.31,14.56,16.25,0.33,-0.15

142.00,51.31,14.56,16.25,0.33,-0.15

142.11,61.69,18.31,9.06,0.82,0.07

142.11,61.69,18.31,9.06,0.82,0.07

142.11,61.69,18.31,9.06,0.82,0.07

142.11,61.69,18.31,9.06,0.82,0.07

142.11,61.69,18.31,9.06,0.82,0.07

142.11,61.69,18.31,9.06,0.82,0.07

142.11,61.69,18.31,9.06,0.82,0.07

142.21,68.13,21.38,2.31,1.14,0.22

142.21,68.13,21.38,2.31,1.14,0.22

142.21,68.13,21.38,2.31,1.14,0.22

142.21,68.13,21.38,2.31,1.14,0.22

142.21,68.13,21.38,2.31,1.14,0.22

142.21,68.13,21.38,2.31,1.14,0.22

142.31,71.44,23.38,-5.06,1.18,0.31

142.31,71.44,23.38,-5.06,1.18,0.31

142.31,71.44,23.38,-5.06,1.18,0.31

142.31,71.44,23.38,-5.06,1.18,0.31

142.31,71.44,23.38,-5.06,1.18,0.31

142.31,71.44,23.38,-5.06,1.18,0.31

142.31,71.44,23.38,-5.06,1.18,0.31

142.31,71.44,23.38,-5.06,1.18,0.31

142.42,74.63,22.06,-12.50,1.17,0.26

142.42,74.63,22.06,-12.50,1.17,0.26

142.42,74.63,22.06,-12.50,1.17,0.26

142.42,74.63,22.06,-12.50,1.17,0.26

142.52,78.75,22.19,-17.25,1.14,0.20

142.52,78.75,22.19,-17.25,1.14,0.20

142.52,78.75,22.19,-17.25,1.14,0.20

142.52,78.75,22.19,-17.25,1.14,0.20

142.52,78.75,22.19,-17.25,1.14,0.20

142.52,78.75,22.19,-17.25,1.14,0.20

142.63,83.56,22.94,-20.50,1.13,0.16

142.63,83.56,22.94,-20.50,1.13,0.16

142.63,83.56,22.94,-20.50,1.13,0.16

142.63,83.56,22.94,-20.50,1.13,0.16

142.63,83.56,22.94,-20.50,1.13,0.16

142.63,83.56,22.94,-20.50,1.13,0.16

142.63,83.56,22.94,-20.50,1.13,0.16

142.73,86.00,25.25,-23.06,1.12,0.14

142.73,86.00,25.25,-23.06,1.12,0.14

142.73,86.00,25.25,-23.06,1.12,0.14

142.73,86.00,25.25,-23.06,1.12,0.14

142.73,86.00,25.25,-23.06,1.12,0.14

142.73,86.00,25.25,-23.06,1.12,0.14

142.83,88.75,29.00,-26.19,1.13,0.10

142.83,88.75,29.00,-26.19,1.13,0.10

142.83,88.75,29.00,-26.19,1.13,0.10

142.83,88.75,29.00,-26.19,1.13,0.10

142.83,88.75,29.00,-26.19,1.13,0.10

142.83,88.75,29.00,-26.19,1.13,0.10

142.83,88.75,29.00,-26.19,1.13,0.10

142.94,91.31,31.94,-28.31,1.11,0.05

142.94,91.31,31.94,-28.31,1.11,0.05

142.94,91.31,31.94,-28.31,1.11,0.05

142.94,91.31,31.94,-28.31,1.11,0.05

142.94,91.31,31.94,-28.31,1.11,0.05

143.04,92.94,32.94,-30.44,1.06,0.04

143.04,92.94,32.94,-30.44,1.06,0.04

143.04,92.94,32.94,-30.44,1.06,0.04

143.04,92.94,32.94,-30.44,1.06,0.04

143.04,92.94,32.94,-30.44,1.06,0.04

143.04,92.94,32.94,-30.44,1.06,0.04

143.04,92.94,32.94,-30.44,1.06,0.04

143.14,93.69,34.38,-32.44,1.02,0.05

143.14,93.69,34.38,-32.44,1.02,0.05

143.14,93.69,34.38,-32.44,1.02,0.05

143.14,93.69,34.38,-32.44,1.02,0.05

143.14,93.69,34.38,-32.44,1.02,0.05

143.14,93.69,34.38,-32.44,1.02,0.05

143.25,94.13,36.50,-35.19,1.01,0.05

143.25,94.13,36.50,-35.19,1.01,0.05

143.25,94.13,36.50,-35.19,1.01,0.05

143.25,94.13,36.50,-35.19,1.01,0.05

143.25,94.13,36.50,-35.19,1.01,0.05

143.25,94.13,36.50,-35.19,1.01,0.05

143.35,95.88,40.13,-39.94,0.98,0.02

143.35,95.88,40.13,-39.94,0.98,0.02

143.35,95.88,40.13,-39.94,0.98,0.02

143.35,95.88,40.13,-39.94,0.98,0.02

143.35,95.88,40.13,-39.94,0.98,0.02

143.35,95.88,40.13,-39.94,0.98,0.02

143.45,97.06,41.25,-43.56,0.94,-0.01

143.45,97.06,41.25,-43.56,0.94,-0.01

143.45,97.06,41.25,-43.56,0.94,-0.01

143.45,97.06,41.25,-43.56,0.94,-0.01

143.45,97.06,41.25,-43.56,0.94,-0.01

143.45,97.06,41.25,-43.56,0.94,-0.01

143.45,97.06,41.25,-43.56,0.94,-0.01

143.45,97.06,41.25,-43.56,0.94,-0.01

143.56,94.38,40.38,-42.63,0.89,0.00

143.56,94.38,40.38,-42.63,0.89,0.00

143.56,94.38,40.38,-42.63,0.89,0.00

143.56,94.38,40.38,-42.63,0.89,0.00

143.56,94.38,40.38,-42.63,0.89,0.00

143.66,88.06,35.19,-40.81,0.86,-0.01

143.66,88.06,35.19,-40.81,0.86,-0.01

143.66,88.06,35.19,-40.81,0.86,-0.01

143.66,88.06,35.19,-40.81,0.86,-0.01

143.66,88.06,35.19,-40.81,0.86,-0.01

143.66,88.06,35.19,-40.81,0.86,-0.01

143.77,78.13,24.63,-44.38,0.87,-0.05

143.77,78.13,24.63,-44.38,0.87,-0.05

143.77,78.13,24.63,-44.38,0.87,-0.05

143.77,78.13,24.63,-44.38,0.87,-0.05

143.77,78.13,24.63,-44.38,0.87,-0.05

143.77,78.13,24.63,-44.38,0.87,-0.05

143.77,78.13,24.63,-44.38,0.87,-0.05

143.87,247.06,18.81,-49.38,0.93,-0.11

143.87,247.06,18.81,-49.38,0.93,-0.11

143.87,247.06,18.81,-49.38,0.93,-0.11

143.87,247.06,18.81,-49.38,0.93,-0.11

143.87,247.06,18.81,-49.38,0.93,-0.11

143.97,241.13,15.13,-55.38,0.95,-0.19

143.97,241.13,15.13,-55.38,0.95,-0.19

143.97,241.13,15.13,-55.38,0.95,-0.19

143.97,241.13,15.13,-55.38,0.95,-0.19

143.97,241.13,15.13,-55.38,0.95,-0.19

143.97,241.13,15.13,-55.38,0.95,-0.19

143.97,241.13,15.13,-55.38,0.95,-0.19

144.08,238.81,14.75,-60.38,0.92,-0.19

144.08,238.81,14.75,-60.38,0.92,-0.19

144.08,238.81,14.75,-60.38,0.92,-0.19

144.08,238.81,14.75,-60.38,0.92,-0.19

144.08,238.81,14.75,-60.38,0.92,-0.19

144.08,238.81,14.75,-60.38,0.92,-0.19

144.08,238.81,14.75,-60.38,0.92,-0.19

144.18,237.38,14.19,-62.44,0.88,-0.19

144.18,237.38,14.19,-62.44,0.88,-0.19

144.18,237.38,14.19,-62.44,0.88,-0.19

144.18,237.38,14.19,-62.44,0.88,-0.19

144.18,237.38,14.19,-62.44,0.88,-0.19

144.18,237.38,14.19,-62.44,0.88,-0.19

144.18,237.38,14.19,-62.44,0.88,-0.19

144.29,235.94,13.94,-63.56,0.83,-0.20

144.29,235.94,13.94,-63.56,0.83,-0.20

144.29,235.94,13.94,-63.56,0.83,-0.20

144.29,235.94,13.94,-63.56,0.83,-0.20

144.39,234.94,13.19,-62.69,0.81,-0.19

144.39,234.94,13.19,-62.69,0.81,-0.19

144.39,234.94,13.19,-62.69,0.81,-0.19

144.39,234.94,13.19,-62.69,0.81,-0.19

144.39,234.94,13.19,-62.69,0.81,-0.19

144.39,234.94,13.19,-62.69,0.81,-0.19

144.39,234.94,13.19,-62.69,0.81,-0.19

144.49,235.25,12.75,-62.25,0.82,-0.17

144.49,235.25,12.75,-62.25,0.82,-0.17

144.49,235.25,12.75,-62.25,0.82,-0.17

144.49,235.25,12.75,-62.25,0.82,-0.17

144.49,235.25,12.75,-62.25,0.82,-0.17

144.60,235.50,12.44,-62.00,0.83,-0.12

144.60,235.50,12.44,-62.00,0.83,-0.12

144.60,235.50,12.44,-62.00,0.83,-0.12

144.60,235.50,12.44,-62.00,0.83,-0.12

144.60,235.50,12.44,-62.00,0.83,-0.12

144.60,235.50,12.44,-62.00,0.83,-0.12

144.60,235.50,12.44,-62.00,0.83,-0.12

144.60,235.50,12.44,-62.00,0.83,-0.12

144.70,235.31,12.19,-61.75,0.84,-0.12

144.70,235.31,12.19,-61.75,0.84,-0.12

144.70,235.31,12.19,-61.75,0.84,-0.12

144.70,235.31,12.19,-61.75,0.84,-0.12

144.70,235.31,12.19,-61.75,0.84,-0.12

144.80,235.13,12.38,-61.44,0.83,-0.11

144.80,235.13,12.38,-61.44,0.83,-0.11

144.80,235.13,12.38,-61.44,0.83,-0.11

144.80,235.13,12.38,-61.44,0.83,-0.11

144.80,235.13,12.38,-61.44,0.83,-0.11

144.80,235.13,12.38,-61.44,0.83,-0.11

144.80,235.13,12.38,-61.44,0.83,-0.11

144.91,234.88,13.63,-60.75,0.84,-0.10

144.91,234.88,13.63,-60.75,0.84,-0.10

144.91,234.88,13.63,-60.75,0.84,-0.10

144.91,234.88,13.63,-60.75,0.84,-0.10

144.91,234.88,13.63,-60.75,0.84,-0.10

145.01,233.63,20.56,-55.63,0.85,-0.10

145.01,233.63,20.56,-55.63,0.85,-0.10

145.01,233.63,20.56,-55.63,0.85,-0.10

145.01,233.63,20.56,-55.63,0.85,-0.10

145.01,233.63,20.56,-55.63,0.85,-0.10

145.01,233.63,20.56,-55.63,0.85,-0.10

145.11,232.50,30.94,-41.25,0.86,-0.11

145.11,232.50,30.94,-41.25,0.86,-0.11

145.11,232.50,30.94,-41.25,0.86,-0.11

145.11,232.50,30.94,-41.25,0.86,-0.11

145.11,232.50,30.94,-41.25,0.86,-0.11

145.11,232.50,30.94,-41.25,0.86,-0.11

145.11,232.50,30.94,-41.25,0.86,-0.11

145.22,235.56,37.38,-29.19,0.88,-0.05

145.22,235.56,37.38,-29.19,0.88,-0.05

145.22,235.56,37.38,-29.19,0.88,-0.05

145.22,235.56,37.38,-29.19,0.88,-0.05

145.22,235.56,37.38,-29.19,0.88,-0.05

145.22,235.56,37.38,-29.19,0.88,-0.05

145.32,236.06,39.50,-18.94,0.93,0.05

145.32,236.06,39.50,-18.94,0.93,0.05

145.32,236.06,39.50,-18.94,0.93,0.05

145.32,236.06,39.50,-18.94,0.93,0.05

145.32,236.06,39.50,-18.94,0.93,0.05

145.32,236.06,39.50,-18.94,0.93,0.05

145.43,233.88,40.75,-13.94,0.99,0.10

145.43,233.88,40.75,-13.94,0.99,0.10

145.43,233.88,40.75,-13.94,0.99,0.10

145.43,233.88,40.75,-13.94,0.99,0.10

145.43,233.88,40.75,-13.94,0.99,0.10

145.43,233.88,40.75,-13.94,0.99,0.10

145.53,232.31,43.69,-4.31,1.02,0.13

145.53,232.31,43.69,-4.31,1.02,0.13

145.53,232.31,43.69,-4.31,1.02,0.13

145.53,232.31,43.69,-4.31,1.02,0.13

145.53,232.31,43.69,-4.31,1.02,0.13

145.53,232.31,43.69,-4.31,1.02,0.13

145.63,231.00,46.38,5.44,1.02,0.14

145.63,231.00,46.38,5.44,1.02,0.14

145.63,231.00,46.38,5.44,1.02,0.14

145.63,231.00,46.38,5.44,1.02,0.14

145.63,231.00,46.38,5.44,1.02,0.14

145.63,231.00,46.38,5.44,1.02,0.14

145.63,231.00,46.38,5.44,1.02,0.14

145.74,228.75,47.06,14.88,1.02,0.19

145.74,228.75,47.06,14.88,1.02,0.19

145.74,228.75,47.06,14.88,1.02,0.19

145.74,228.75,47.06,14.88,1.02,0.19

145.74,228.75,47.06,14.88,1.02,0.19

145.74,228.75,47.06,14.88,1.02,0.19

145.74,228.75,47.06,14.88,1.02,0.19

145.84,226.63,47.50,22.69,1.00,0.20

145.84,226.63,47.50,22.69,1.00,0.20

145.84,226.63,47.50,22.69,1.00,0.20

145.84,226.63,47.50,22.69,1.00,0.20

145.84,226.63,47.50,22.69,1.00,0.20

145.94,224.31,47.31,27.19,0.98,0.19

145.94,224.31,47.31,27.19,0.98,0.19

145.94,224.31,47.31,27.19,0.98,0.19

145.94,224.31,47.31,27.19,0.98,0.19

145.94,224.31,47.31,27.19,0.98,0.19

145.94,224.31,47.31,27.19,0.98,0.19

145.94,224.31,47.31,27.19,0.98,0.19

146.05,223.00,47.38,30.56,0.97,0.18

146.05,223.00,47.38,30.56,0.97,0.18

146.05,223.00,47.38,30.56,0.97,0.18

146.05,223.00,47.38,30.56,0.97,0.18

146.05,223.00,47.38,30.56,0.97,0.18

146.05,223.00,47.38,30.56,0.97,0.18

146.15,223.19,46.63,31.13,0.95,0.17

146.15,223.19,46.63,31.13,0.95,0.17

146.15,223.19,46.63,31.13,0.95,0.17

146.15,223.19,46.63,31.13,0.95,0.17

146.15,223.19,46.63,31.13,0.95,0.17

146.15,223.19,46.63,31.13,0.95,0.17

146.15,223.19,46.63,31.13,0.95,0.17

146.15,223.19,46.63,31.13,0.95,0.17

146.25,223.00,46.44,32.25,0.94,0.18

146.25,223.00,46.44,32.25,0.94,0.18

146.25,223.00,46.44,32.25,0.94,0.18

146.25,223.00,46.44,32.25,0.94,0.18

146.36,223.56,46.88,34.25,0.95,0.19

146.36,223.56,46.88,34.25,0.95,0.19

146.36,223.56,46.88,34.25,0.95,0.19

146.36,223.56,46.88,34.25,0.95,0.19

146.36,223.56,46.88,34.25,0.95,0.19

146.36,223.56,46.88,34.25,0.95,0.19

146.46,223.13,47.00,35.63,0.96,0.21

146.46,223.13,47.00,35.63,0.96,0.21

146.46,223.13,47.00,35.63,0.96,0.21

146.46,223.13,47.00,35.63,0.96,0.21

146.46,223.13,47.00,35.63,0.96,0.21

146.46,223.13,47.00,35.63,0.96,0.21

146.46,223.13,47.00,35.63,0.96,0.21

146.46,223.13,47.00,35.63,0.96,0.21

146.57,222.81,46.31,34.56,0.94,0.22

146.57,222.81,46.31,34.56,0.94,0.22

146.57,222.81,46.31,34.56,0.94,0.22

146.57,222.81,46.31,34.56,0.94,0.22

146.67,221.75,45.19,33.06,0.94,0.22

146.67,221.75,45.19,33.06,0.94,0.22

146.67,221.75,45.19,33.06,0.94,0.22

146.67,221.75,45.19,33.06,0.94,0.22

146.67,221.75,45.19,33.06,0.94,0.22

146.67,221.75,45.19,33.06,0.94,0.22

146.67,221.75,45.19,33.06,0.94,0.22

146.77,221.31,40.69,23.38,0.95,0.20

146.77,221.31,40.69,23.38,0.95,0.20

146.77,221.31,40.69,23.38,0.95,0.20

146.77,221.31,40.69,23.38,0.95,0.20

146.77,221.31,40.69,23.38,0.95,0.20

146.77,221.31,40.69,23.38,0.95,0.20

146.77,221.31,40.69,23.38,0.95,0.20

146.77,221.31,40.69,23.38,0.95,0.20

146.77,221.31,40.69,23.38,0.95,0.20

146.88,220.06,31.44,11.44,0.96,0.15

146.88,220.06,31.44,11.44,0.96,0.15

146.88,220.06,31.44,11.44,0.96,0.15

146.88,220.06,31.44,11.44,0.96,0.15

146.98,229.81,23.19,-2.94,1.08,0.10

146.98,229.81,23.19,-2.94,1.08,0.10

146.98,229.81,23.19,-2.94,1.08,0.10

146.98,229.81,23.19,-2.94,1.08,0.10

146.98,229.81,23.19,-2.94,1.08,0.10

146.98,229.81,23.19,-2.94,1.08,0.10

147.08,240.88,15.06,-13.44,1.09,0.11

147.08,240.88,15.06,-13.44,1.09,0.11

147.08,240.88,15.06,-13.44,1.09,0.11

147.08,240.88,15.06,-13.44,1.09,0.11

147.08,240.88,15.06,-13.44,1.09,0.11

147.08,240.88,15.06,-13.44,1.09,0.11

147.19,246.25,13.25,-11.56,1.06,0.17

147.19,246.25,13.25,-11.56,1.06,0.17

147.19,246.25,13.25,-11.56,1.06,0.17

147.19,246.25,13.25,-11.56,1.06,0.17

147.19,246.25,13.25,-11.56,1.06,0.17

147.19,246.25,13.25,-11.56,1.06,0.17

147.29,245.75,12.75,-10.31,1.02,0.27

147.29,245.75,12.75,-10.31,1.02,0.27

147.29,245.75,12.75,-10.31,1.02,0.27

147.29,245.75,12.75,-10.31,1.02,0.27

147.29,245.75,12.75,-10.31,1.02,0.27

147.29,245.75,12.75,-10.31,1.02,0.27

147.29,245.75,12.75,-10.31,1.02,0.27

147.40,237.69,13.06,-9.69,0.92,0.35

147.40,237.69,13.06,-9.69,0.92,0.35

147.40,237.69,13.06,-9.69,0.92,0.35

147.40,237.69,13.06,-9.69,0.92,0.35

147.40,237.69,13.06,-9.69,0.92,0.35

147.40,237.69,13.06,-9.69,0.92,0.35

147.40,237.69,13.06,-9.69,0.92,0.35

147.50,235.69,13.75,-9.50,0.51,0.26

147.50,235.69,13.75,-9.50,0.51,0.26

147.50,235.69,13.75,-9.50,0.51,0.26

147.50,235.69,13.75,-9.50,0.51,0.26

147.50,235.69,13.75,-9.50,0.51,0.26

147.50,235.69,13.75,-9.50,0.51,0.26

147.60,230.19,15.06,-7.50,0.49,0.17

147.60,230.19,15.06,-7.50,0.49,0.17

147.60,230.19,15.06,-7.50,0.49,0.17

147.60,230.19,15.06,-7.50,0.49,0.17

147.60,230.19,15.06,-7.50,0.49,0.17

147.71,225.94,15.31,-5.94,0.42,0.09

147.71,225.94,15.31,-5.94,0.42,0.09

147.71,225.94,15.31,-5.94,0.42,0.09

147.71,225.94,15.31,-5.94,0.42,0.09

147.71,225.94,15.31,-5.94,0.42,0.09

147.71,225.94,15.31,-5.94,0.42,0.09

147.81,223.81,14.50,-4.31,0.32,0.02

147.81,223.81,14.50,-4.31,0.32,0.02

147.81,223.81,14.50,-4.31,0.32,0.02

147.81,223.81,14.50,-4.31,0.32,0.02

147.81,223.81,14.50,-4.31,0.32,0.02

147.81,223.81,14.50,-4.31,0.32,0.02

147.81,223.81,14.50,-4.31,0.32,0.02

147.91,222.75,14.75,-3.00,0.17,-0.01

147.91,222.75,14.75,-3.00,0.17,-0.01

147.91,222.75,14.75,-3.00,0.17,-0.01

147.91,222.75,14.75,-3.00,0.17,-0.01

147.91,222.75,14.75,-3.00,0.17,-0.01

148.02,223.25,15.81,-0.56,0.08,-0.06

148.02,223.25,15.81,-0.56,0.08,-0.06

148.02,223.25,15.81,-0.56,0.08,-0.06

148.02,223.25,15.81,-0.56,0.08,-0.06

148.02,223.25,15.81,-0.56,0.08,-0.06

148.02,223.25,15.81,-0.56,0.08,-0.06

148.02,223.25,15.81,-0.56,0.08,-0.06

148.12,224.75,16.06,2.31,0.17,-0.02

148.12,224.75,16.06,2.31,0.17,-0.02

148.12,224.75,16.06,2.31,0.17,-0.02

148.12,224.75,16.06,2.31,0.17,-0.02

148.12,224.75,16.06,2.31,0.17,-0.02

148.12,224.75,16.06,2.31,0.17,-0.02

148.22,225.56,16.75,5.88,0.25,0.05

148.22,225.56,16.75,5.88,0.25,0.05

148.22,225.56,16.75,5.88,0.25,0.05

148.22,225.56,16.75,5.88,0.25,0.05

148.22,225.56,16.75,5.88,0.25,0.05

148.22,225.56,16.75,5.88,0.25,0.05

148.22,225.56,16.75,5.88,0.25,0.05

148.33,224.63,17.81,8.75,0.34,0.12

148.33,224.63,17.81,8.75,0.34,0.12

148.33,224.63,17.81,8.75,0.34,0.12

148.33,224.63,17.81,8.75,0.34,0.12

148.33,224.63,17.81,8.75,0.34,0.12

148.43,223.25,18.50,10.75,0.28,0.11

148.43,223.25,18.50,10.75,0.28,0.11

148.43,223.25,18.50,10.75,0.28,0.11

148.43,223.25,18.50,10.75,0.28,0.11

148.43,223.25,18.50,10.75,0.28,0.11

148.43,223.25,18.50,10.75,0.28,0.11

148.43,223.25,18.50,10.75,0.28,0.11

148.54,221.44,18.69,12.25,-0.11,0.04

148.54,221.44,18.69,12.25,-0.11,0.04

148.54,221.44,18.69,12.25,-0.11,0.04

148.54,221.44,18.69,12.25,-0.11,0.04

148.54,221.44,18.69,12.25,-0.11,0.04

148.54,221.44,18.69,12.25,-0.11,0.04

148.64,221.19,19.94,13.38,-0.14,-0.18

148.64,221.19,19.94,13.38,-0.14,-0.18

148.64,221.19,19.94,13.38,-0.14,-0.18

148.64,221.19,19.94,13.38,-0.14,-0.18

148.64,221.19,19.94,13.38,-0.14,-0.18

148.64,221.19,19.94,13.38,-0.14,-0.18

148.74,221.94,22.00,13.63,-0.22,-0.22

148.74,221.94,22.00,13.63,-0.22,-0.22

148.74,221.94,22.00,13.63,-0.22,-0.22

148.74,221.94,22.00,13.63,-0.22,-0.22

148.74,221.94,22.00,13.63,-0.22,-0.22

148.74,221.94,22.00,13.63,-0.22,-0.22

148.74,221.94,22.00,13.63,-0.22,-0.22

148.85,226.06,23.56,10.75,-0.18,-0.26

148.85,226.06,23.56,10.75,-0.18,-0.26

148.85,226.06,23.56,10.75,-0.18,-0.26

148.85,226.06,23.56,10.75,-0.18,-0.26

148.85,226.06,23.56,10.75,-0.18,-0.26

148.85,226.06,23.56,10.75,-0.18,-0.26

148.95,236.00,24.69,3.19,0.10,-0.14

148.95,236.00,24.69,3.19,0.10,-0.14

148.95,236.00,24.69,3.19,0.10,-0.14

148.95,236.00,24.69,3.19,0.10,-0.14

148.95,236.00,24.69,3.19,0.10,-0.14

148.95,236.00,24.69,3.19,0.10,-0.14

149.05,242.94,25.44,-2.81,0.79,0.14

149.05,242.94,25.44,-2.81,0.79,0.14

149.05,242.94,25.44,-2.81,0.79,0.14

149.05,242.94,25.44,-2.81,0.79,0.14

149.05,242.94,25.44,-2.81,0.79,0.14

149.05,242.94,25.44,-2.81,0.79,0.14

149.05,242.94,25.44,-2.81,0.79,0.14

149.16,246.19,24.94,-9.38,1.05,0.33

149.16,246.19,24.94,-9.38,1.05,0.33

149.16,246.19,24.94,-9.38,1.05,0.33

149.16,246.19,24.94,-9.38,1.05,0.33

149.16,246.19,24.94,-9.38,1.05,0.33

149.16,246.19,24.94,-9.38,1.05,0.33

149.16,246.19,24.94,-9.38,1.05,0.33

149.26,250.88,24.31,-16.75,1.13,0.23

149.26,250.88,24.31,-16.75,1.13,0.23

149.26,250.88,24.31,-16.75,1.13,0.23

149.26,250.88,24.31,-16.75,1.13,0.23

149.37,254.50,23.38,-23.75,1.13,0.19

149.37,254.50,23.38,-23.75,1.13,0.19

149.37,254.50,23.38,-23.75,1.13,0.19

149.37,254.50,23.38,-23.75,1.13,0.19

149.37,254.50,23.38,-23.75,1.13,0.19

149.37,254.50,23.38,-23.75,1.13,0.19

149.37,254.50,23.38,-23.75,1.13,0.19

149.37,254.50,23.38,-23.75,1.13,0.19

149.47,255.88,22.81,-28.81,1.12,0.14

149.47,255.88,22.81,-28.81,1.12,0.14

149.47,255.88,22.81,-28.81,1.12,0.14

149.47,255.88,22.81,-28.81,1.12,0.14

149.47,255.88,22.81,-28.81,1.12,0.14

149.47,255.88,22.81,-28.81,1.12,0.14

149.57,257.31,18.69,-33.44,1.07,0.09

149.57,257.31,18.69,-33.44,1.07,0.09

149.57,257.31,18.69,-33.44,1.07,0.09

149.57,257.31,18.69,-33.44,1.07,0.09

149.57,257.31,18.69,-33.44,1.07,0.09

149.57,257.31,18.69,-33.44,1.07,0.09

149.68,258.19,15.75,-35.88,1.05,0.07

149.68,258.19,15.75,-35.88,1.05,0.07

149.68,258.19,15.75,-35.88,1.05,0.07

149.68,258.19,15.75,-35.88,1.05,0.07

149.68,258.19,15.75,-35.88,1.05,0.07

149.68,258.19,15.75,-35.88,1.05,0.07

149.78,259.00,12.38,-38.94,1.03,0.04

149.78,259.00,12.38,-38.94,1.03,0.04

149.78,259.00,12.38,-38.94,1.03,0.04

149.78,259.00,12.38,-38.94,1.03,0.04

149.78,259.00,12.38,-38.94,1.03,0.04

149.78,259.00,12.38,-38.94,1.03,0.04

149.88,260.13,8.44,-42.56,1.05,0.03

149.88,260.13,8.44,-42.56,1.05,0.03

149.88,260.13,8.44,-42.56,1.05,0.03

149.88,260.13,8.44,-42.56,1.05,0.03

149.88,260.13,8.44,-42.56,1.05,0.03

149.88,260.13,8.44,-42.56,1.05,0.03

149.99,261.63,5.50,-45.13,1.06,0.01

149.99,261.63,5.50,-45.13,1.06,0.01

149.99,261.63,5.50,-45.13,1.06,0.01

149.99,261.63,5.50,-45.13,1.06,0.01

149.99,261.63,5.50,-45.13,1.06,0.01

149.99,261.63,5.50,-45.13,1.06,0.01

149.99,261.63,5.50,-45.13,1.06,0.01

150.09,263.81,2.81,-46.81,1.03,-0.01

150.09,263.81,2.81,-46.81,1.03,-0.01

150.09,263.81,2.81,-46.81,1.03,-0.01

150.09,263.81,2.81,-46.81,1.03,-0.01

150.09,263.81,2.81,-46.81,1.03,-0.01

150.20,266.00,0.50,-47.75,1.02,-0.01

150.20,266.00,0.50,-47.75,1.02,-0.01

150.20,266.00,0.50,-47.75,1.02,-0.01

150.20,266.00,0.50,-47.75,1.02,-0.01

150.20,266.00,0.50,-47.75,1.02,-0.01

150.20,266.00,0.50,-47.75,1.02,-0.01

150.30,269.06,1.56,-46.94,1.00,0.00

150.30,269.06,1.56,-46.94,1.00,0.00

150.30,269.06,1.56,-46.94,1.00,0.00

150.30,269.06,1.56,-46.94,1.00,0.00

150.30,269.06,1.56,-46.94,1.00,0.00

150.30,269.06,1.56,-46.94,1.00,0.00

150.30,269.06,1.56,-46.94,1.00,0.00

150.40,274.63,11.31,-44.88,0.99,0.01

150.40,274.63,11.31,-44.88,0.99,0.01

150.40,274.63,11.31,-44.88,0.99,0.01

150.40,274.63,11.31,-44.88,0.99,0.01

150.40,274.63,11.31,-44.88,0.99,0.01

150.51,277.56,19.31,-43.00,0.99,-0.01

150.51,277.56,19.31,-43.00,0.99,-0.01

150.51,277.56,19.31,-43.00,0.99,-0.01

150.51,277.56,19.31,-43.00,0.99,-0.01

150.51,277.56,19.31,-43.00,0.99,-0.01

150.51,277.56,19.31,-43.00,0.99,-0.01

150.51,277.56,19.31,-43.00,0.99,-0.01

150.61,279.63,23.25,-42.94,1.02,0.01

150.61,279.63,23.25,-42.94,1.02,0.01

150.61,279.63,23.25,-42.94,1.02,0.01

150.61,279.63,23.25,-42.94,1.02,0.01

150.61,279.63,23.25,-42.94,1.02,0.01

150.61,279.63,23.25,-42.94,1.02,0.01

150.71,281.69,26.63,-40.81,0.99,0.08

150.71,281.69,26.63,-40.81,0.99,0.08

150.71,281.69,26.63,-40.81,0.99,0.08

150.71,281.69,26.63,-40.81,0.99,0.08

150.71,281.69,26.63,-40.81,0.99,0.08

150.71,281.69,26.63,-40.81,0.99,0.08

150.71,281.69,26.63,-40.81,0.99,0.08

150.82,283.94,26.50,-38.19,0.95,0.09

150.82,283.94,26.50,-38.19,0.95,0.09

150.82,283.94,26.50,-38.19,0.95,0.09

150.82,283.94,26.50,-38.19,0.95,0.09

150.82,283.94,26.50,-38.19,0.95,0.09

150.82,283.94,26.50,-38.19,0.95,0.09

150.92,295.38,22.56,-41.31,0.97,0.15

150.92,295.38,22.56,-41.31,0.97,0.15

150.92,295.38,22.56,-41.31,0.97,0.15

150.92,295.38,22.56,-41.31,0.97,0.15

150.92,295.38,22.56,-41.31,0.97,0.15

150.92,295.38,22.56,-41.31,0.97,0.15

151.02,304.31,22.44,-44.69,0.99,0.27

151.02,304.31,22.44,-44.69,0.99,0.27

151.02,304.31,22.44,-44.69,0.99,0.27

151.02,304.31,22.44,-44.69,0.99,0.27

151.02,304.31,22.44,-44.69,0.99,0.27

151.02,304.31,22.44,-44.69,0.99,0.27

151.13,309.69,25.81,-50.81,0.98,0.35

151.13,309.69,25.81,-50.81,0.98,0.35

151.13,309.69,25.81,-50.81,0.98,0.35

151.13,309.69,25.81,-50.81,0.98,0.35

151.13,309.69,25.81,-50.81,0.98,0.35

151.13,309.69,25.81,-50.81,0.98,0.35

151.23,315.00,26.38,-56.19,0.96,0.34

151.23,315.00,26.38,-56.19,0.96,0.34

151.23,315.00,26.38,-56.19,0.96,0.34

151.23,315.00,26.38,-56.19,0.96,0.34

151.23,315.00,26.38,-56.19,0.96,0.34

151.23,315.00,26.38,-56.19,0.96,0.34

151.23,315.00,26.38,-56.19,0.96,0.34

151.23,315.00,26.38,-56.19,0.96,0.34

151.23,315.00,26.38,-56.19,0.96,0.34

151.23,315.00,26.38,-56.19,0.96,0.34

151.33,318.50,26.94,-60.50,0.91,0.32

151.33,318.50,26.94,-60.50,0.91,0.32

151.44,320.06,27.44,-62.06,0.86,0.30

151.44,320.06,27.44,-62.06,0.86,0.30

151.44,320.06,27.44,-62.06,0.86,0.30

151.44,320.06,27.44,-62.06,0.86,0.30

151.44,320.06,27.44,-62.06,0.86,0.30

151.44,320.06,27.44,-62.06,0.86,0.30

151.44,320.06,27.44,-62.06,0.86,0.30

151.54,321.31,27.19,-62.38,0.83,0.26

151.54,321.31,27.19,-62.38,0.83,0.26

151.54,321.31,27.19,-62.38,0.83,0.26

151.54,321.31,27.19,-62.38,0.83,0.26

151.54,321.31,27.19,-62.38,0.83,0.26

151.54,321.31,27.19,-62.38,0.83,0.26

151.65,323.63,26.69,-64.00,0.82,0.23

151.65,323.63,26.69,-64.00,0.82,0.23

151.65,323.63,26.69,-64.00,0.82,0.23

151.65,323.63,26.69,-64.00,0.82,0.23

151.65,323.63,26.69,-64.00,0.82,0.23

151.65,323.63,26.69,-64.00,0.82,0.23

151.65,323.63,26.69,-64.00,0.82,0.23

151.75,325.06,26.13,-64.94,0.82,0.22

151.75,325.06,26.13,-64.94,0.82,0.22

151.75,325.06,26.13,-64.94,0.82,0.22

151.75,325.06,26.13,-64.94,0.82,0.22

151.75,325.06,26.13,-64.94,0.82,0.22

151.85,326.25,26.06,-65.38,0.82,0.21

151.85,326.25,26.06,-65.38,0.82,0.21

151.85,326.25,26.06,-65.38,0.82,0.21

151.85,326.25,26.06,-65.38,0.82,0.21

151.85,326.25,26.06,-65.38,0.82,0.21

151.85,326.25,26.06,-65.38,0.82,0.21

151.85,326.25,26.06,-65.38,0.82,0.21

151.85,326.25,26.06,-65.38,0.82,0.21

151.85,326.25,26.06,-65.38,0.82,0.21

151.85,326.25,26.06,-65.38,0.82,0.21

151.96,325.81,25.69,-63.50,0.81,0.19

151.96,325.81,25.69,-63.50,0.81,0.19

151.96,325.81,25.69,-63.50,0.81,0.19

152.06,326.56,25.63,-62.94,0.81,0.15

152.06,326.56,25.63,-62.94,0.81,0.15

152.06,326.56,25.63,-62.94,0.81,0.15

152.06,326.56,25.63,-62.94,0.81,0.15

152.06,326.56,25.63,-62.94,0.81,0.15

152.06,326.56,25.63,-62.94,0.81,0.15

152.17,326.88,25.25,-61.94,0.83,0.14

152.17,326.88,25.25,-61.94,0.83,0.14

152.17,326.88,25.25,-61.94,0.83,0.14

152.17,326.88,25.25,-61.94,0.83,0.14

152.17,326.88,25.25,-61.94,0.83,0.14

152.17,326.88,25.25,-61.94,0.83,0.14

152.27,327.00,25.06,-61.50,0.83,0.14

152.27,327.00,25.06,-61.50,0.83,0.14

152.27,327.00,25.06,-61.50,0.83,0.14

152.27,327.00,25.06,-61.50,0.83,0.14

152.27,327.00,25.06,-61.50,0.83,0.14

152.27,327.00,25.06,-61.50,0.83,0.14

152.27,327.00,25.06,-61.50,0.83,0.14

152.27,327.00,25.06,-61.50,0.83,0.14

152.37,327.06,24.94,-61.06,0.83,0.13

152.37,327.06,24.94,-61.06,0.83,0.13

152.37,327.06,24.94,-61.06,0.83,0.13

152.37,327.06,24.94,-61.06,0.83,0.13

152.37,327.06,24.94,-61.06,0.83,0.13

152.48,327.31,24.69,-60.75,0.83,0.12

152.48,327.31,24.69,-60.75,0.83,0.12

152.48,327.31,24.69,-60.75,0.83,0.12

152.48,327.31,24.69,-60.75,0.83,0.12

152.48,327.31,24.69,-60.75,0.83,0.12

152.48,327.31,24.69,-60.75,0.83,0.12

152.48,327.31,24.69,-60.75,0.83,0.12

152.58,327.31,24.50,-60.13,0.83,0.10

152.58,327.31,24.50,-60.13,0.83,0.10

152.58,327.31,24.50,-60.13,0.83,0.10

152.58,327.31,24.50,-60.13,0.83,0.10

152.58,327.31,24.50,-60.13,0.83,0.10

152.68,327.38,24.44,-59.81,0.84,0.09

152.68,327.38,24.44,-59.81,0.84,0.09

152.68,327.38,24.44,-59.81,0.84,0.09

152.68,327.38,24.44,-59.81,0.84,0.09

152.68,327.38,24.44,-59.81,0.84,0.09

152.68,327.38,24.44,-59.81,0.84,0.09

152.68,327.38,24.44,-59.81,0.84,0.09

152.79,327.31,24.38,-59.63,0.84,0.07

152.79,327.31,24.38,-59.63,0.84,0.07

152.79,327.31,24.38,-59.63,0.84,0.07

152.79,327.31,24.38,-59.63,0.84,0.07

152.79,327.31,24.38,-59.63,0.84,0.07

152.79,327.31,24.38,-59.63,0.84,0.07

152.89,327.25,24.38,-59.38,0.84,0.07

152.89,327.25,24.38,-59.38,0.84,0.07

152.89,327.25,24.38,-59.38,0.84,0.07

152.89,327.25,24.38,-59.38,0.84,0.07

152.89,327.25,24.38,-59.38,0.84,0.07

152.89,327.25,24.38,-59.38,0.84,0.07

152.99,327.19,24.50,-59.06,0.84,0.07

152.99,327.19,24.50,-59.06,0.84,0.07

152.99,327.19,24.50,-59.06,0.84,0.07

152.99,327.19,24.50,-59.06,0.84,0.07

152.99,327.19,24.50,-59.06,0.84,0.07

152.99,327.19,24.50,-59.06,0.84,0.07

152.99,327.19,24.50,-59.06,0.84,0.07

153.10,327.25,24.44,-58.75,0.84,0.06

153.10,327.25,24.44,-58.75,0.84,0.06

153.10,327.25,24.44,-58.75,0.84,0.06

153.10,327.25,24.44,-58.75,0.84,0.06

153.10,327.25,24.44,-58.75,0.84,0.06

153.20,327.50,24.25,-58.69,0.85,0.05

153.20,327.50,24.25,-58.69,0.85,0.05

153.20,327.50,24.25,-58.69,0.85,0.05

153.20,327.50,24.25,-58.69,0.85,0.05

153.20,327.50,24.25,-58.69,0.85,0.05

153.20,327.50,24.25,-58.69,0.85,0.05

153.20,327.50,24.25,-58.69,0.85,0.05

153.31,327.81,24.19,-58.63,0.85,0.05

153.31,327.81,24.19,-58.63,0.85,0.05

153.31,327.81,24.19,-58.63,0.85,0.05

153.31,327.81,24.19,-58.63,0.85,0.05

153.31,327.81,24.19,-58.63,0.85,0.05

153.41,327.81,24.13,-58.63,0.85,0.06

153.41,327.81,24.13,-58.63,0.85,0.06

153.41,327.81,24.13,-58.63,0.85,0.06

153.41,327.81,24.13,-58.63,0.85,0.06

153.41,327.81,24.13,-58.63,0.85,0.06

153.41,327.81,24.13,-58.63,0.85,0.06

153.41,327.81,24.13,-58.63,0.85,0.06

153.41,327.81,24.13,-58.63,0.85,0.06

153.51,327.88,24.13,-58.56,0.85,0.06

153.51,327.88,24.13,-58.56,0.85,0.06

153.51,327.88,24.13,-58.56,0.85,0.06

153.51,327.88,24.13,-58.56,0.85,0.06

153.51,327.88,24.13,-58.56,0.85,0.06

153.51,327.88,24.13,-58.56,0.85,0.06

153.62,328.13,24.06,-58.38,0.85,0.05

153.62,328.13,24.06,-58.38,0.85,0.05

153.62,328.13,24.06,-58.38,0.85,0.05

153.62,328.13,24.06,-58.38,0.85,0.05

153.62,328.13,24.06,-58.38,0.85,0.05

153.72,328.19,24.00,-58.19,0.85,0.05

153.72,328.19,24.00,-58.19,0.85,0.05

153.72,328.19,24.00,-58.19,0.85,0.05

153.72,328.19,24.00,-58.19,0.85,0.05

153.72,328.19,24.00,-58.19,0.85,0.05

153.72,328.19,24.00,-58.19,0.85,0.05

153.72,328.19,24.00,-58.19,0.85,0.05

153.83,328.25,24.00,-58.13,0.85,0.05

153.83,328.25,24.00,-58.13,0.85,0.05

153.83,328.25,24.00,-58.13,0.85,0.05

153.83,328.25,24.00,-58.13,0.85,0.05

153.83,328.25,24.00,-58.13,0.85,0.05

153.83,328.25,24.00,-58.13,0.85,0.05

153.93,328.31,23.88,-57.94,0.85,0.05

153.93,328.31,23.88,-57.94,0.85,0.05

153.93,328.31,23.88,-57.94,0.85,0.05

153.93,328.31,23.88,-57.94,0.85,0.05

153.93,328.31,23.88,-57.94,0.85,0.05

153.93,328.31,23.88,-57.94,0.85,0.05

153.93,328.31,23.88,-57.94,0.85,0.05

154.03,328.25,23.81,-57.75,0.85,0.06

154.03,328.25,23.81,-57.75,0.85,0.06

154.03,328.25,23.81,-57.75,0.85,0.06

154.03,328.25,23.81,-57.75,0.85,0.06

154.03,328.25,23.81,-57.75,0.85,0.06

154.14,327.75,23.81,-57.19,0.86,0.07

154.14,327.75,23.81,-57.19,0.86,0.07

154.14,327.75,23.81,-57.19,0.86,0.07

154.14,327.75,23.81,-57.19,0.86,0.07

154.14,327.75,23.81,-57.19,0.86,0.07

154.14,327.75,23.81,-57.19,0.86,0.07

154.14,327.75,23.81,-57.19,0.86,0.07

154.14,327.75,23.81,-57.19,0.86,0.07

154.24,324.44,23.56,-53.63,0.86,0.05

154.24,324.44,23.56,-53.63,0.86,0.05

154.24,324.44,23.56,-53.63,0.86,0.05

154.24,324.44,23.56,-53.63,0.86,0.05

154.24,324.44,23.56,-53.63,0.86,0.05

154.24,324.44,23.56,-53.63,0.86,0.05

154.24,324.44,23.56,-53.63,0.86,0.05

154.24,324.44,23.56,-53.63,0.86,0.05

154.34,307.25,18.44,-37.50,0.88,0.03

154.34,307.25,18.44,-37.50,0.88,0.03

154.45,294.13,13.06,-28.38,0.96,0.05

154.45,294.13,13.06,-28.38,0.96,0.05

154.45,294.13,13.06,-28.38,0.96,0.05

154.45,294.13,13.06,-28.38,0.96,0.05

154.45,294.13,13.06,-28.38,0.96,0.05

154.45,294.13,13.06,-28.38,0.96,0.05

154.45,294.13,13.06,-28.38,0.96,0.05

154.45,294.13,13.06,-28.38,0.96,0.05

154.55,288.38,13.13,-22.75,1.04,0.16

154.55,288.38,13.13,-22.75,1.04,0.16

154.55,288.38,13.13,-22.75,1.04,0.16

154.55,288.38,13.13,-22.75,1.04,0.16

154.55,288.38,13.13,-22.75,1.04,0.16

154.55,288.38,13.13,-22.75,1.04,0.16

154.55,288.38,13.13,-22.75,1.04,0.16

154.55,288.38,13.13,-22.75,1.04,0.16

154.65,280.25,11.56,-17.19,1.04,0.19

154.65,280.25,11.56,-17.19,1.04,0.19

154.65,280.25,11.56,-17.19,1.04,0.19

154.65,280.25,11.56,-17.19,1.04,0.19

154.76,276.63,12.13,-13.00,0.98,0.18

154.76,276.63,12.13,-13.00,0.98,0.18

154.76,276.63,12.13,-13.00,0.98,0.18

154.76,276.63,12.13,-13.00,0.98,0.18

154.76,276.63,12.13,-13.00,0.98,0.18

154.76,276.63,12.13,-13.00,0.98,0.18

154.76,276.63,12.13,-13.00,0.98,0.18

154.86,273.63,11.31,-12.13,0.85,0.19

154.86,273.63,11.31,-12.13,0.85,0.19

154.86,273.63,11.31,-12.13,0.85,0.19

154.86,273.63,11.31,-12.13,0.85,0.19

154.86,273.63,11.31,-12.13,0.85,0.19

154.86,273.63,11.31,-12.13,0.85,0.19

154.86,273.63,11.31,-12.13,0.85,0.19

154.97,269.19,11.00,-10.19,0.76,0.15

154.97,269.19,11.00,-10.19,0.76,0.15

154.97,269.19,11.00,-10.19,0.76,0.15

154.97,269.19,11.00,-10.19,0.76,0.15

155.07,268.50,10.88,-9.44,0.99,0.12

155.07,268.50,10.88,-9.44,0.99,0.12

155.07,268.50,10.88,-9.44,0.99,0.12

155.07,268.50,10.88,-9.44,0.99,0.12

155.07,268.50,10.88,-9.44,0.99,0.12

155.07,268.50,10.88,-9.44,0.99,0.12

155.07,268.50,10.88,-9.44,0.99,0.12

155.07,268.50,10.88,-9.44,0.99,0.12

155.17,263.56,9.38,-7.44,1.13,0.16

155.17,263.56,9.38,-7.44,1.13,0.16

155.17,263.56,9.38,-7.44,1.13,0.16

155.17,263.56,9.38,-7.44,1.13,0.16

155.17,263.56,9.38,-7.44,1.13,0.16

155.17,263.56,9.38,-7.44,1.13,0.16

155.28,261.00,9.50,-5.69,1.03,0.17

155.28,261.00,9.50,-5.69,1.03,0.17

155.28,261.00,9.50,-5.69,1.03,0.17

155.28,261.00,9.50,-5.69,1.03,0.17

155.28,261.00,9.50,-5.69,1.03,0.17

155.38,256.00,10.56,-1.81,1.00,0.18

155.38,256.00,10.56,-1.81,1.00,0.18

155.38,256.00,10.56,-1.81,1.00,0.18

155.38,256.00,10.56,-1.81,1.00,0.18

155.38,256.00,10.56,-1.81,1.00,0.18

155.38,256.00,10.56,-1.81,1.00,0.18

155.49,254.06,11.13,0.50,0.82,0.10

155.49,254.06,11.13,0.50,0.82,0.10

155.49,254.06,11.13,0.50,0.82,0.10

155.49,254.06,11.13,0.50,0.82,0.10

155.49,254.06,11.13,0.50,0.82,0.10

155.49,254.06,11.13,0.50,0.82,0.10

155.49,254.06,11.13,0.50,0.82,0.10

155.59,254.06,10.69,-0.19,0.43,0.08

155.59,254.06,10.69,-0.19,0.43,0.08

155.59,254.06,10.69,-0.19,0.43,0.08

155.59,254.06,10.69,-0.19,0.43,0.08

155.59,254.06,10.69,-0.19,0.43,0.08

155.59,254.06,10.69,-0.19,0.43,0.08

155.69,251.31,9.38,-0.31,0.29,0.06

155.69,251.31,9.38,-0.31,0.29,0.06

155.69,251.31,9.38,-0.31,0.29,0.06

155.69,251.31,9.38,-0.31,0.29,0.06

155.69,251.31,9.38,-0.31,0.29,0.06

155.79,247.13,9.19,-0.69,0.30,0.04

155.79,247.13,9.19,-0.69,0.30,0.04

155.79,247.13,9.19,-0.69,0.30,0.04

155.79,247.13,9.19,-0.69,0.30,0.04

155.79,247.13,9.19,-0.69,0.30,0.04

155.79,247.13,9.19,-0.69,0.30,0.04

155.79,247.13,9.19,-0.69,0.30,0.04

155.90,245.38,9.63,-1.44,0.27,0.00

155.90,245.38,9.63,-1.44,0.27,0.00

155.90,245.38,9.63,-1.44,0.27,0.00

155.90,245.38,9.63,-1.44,0.27,0.00

155.90,245.38,9.63,-1.44,0.27,0.00

155.90,245.38,9.63,-1.44,0.27,0.00

155.90,245.38,9.63,-1.44,0.27,0.00

156.00,245.56,9.25,-1.69,0.33,-0.02

156.00,245.56,9.25,-1.69,0.33,-0.02

156.00,245.56,9.25,-1.69,0.33,-0.02

156.00,245.56,9.25,-1.69,0.33,-0.02

156.00,245.56,9.25,-1.69,0.33,-0.02

156.10,244.00,8.56,-1.94,0.35,0.01

156.10,244.00,8.56,-1.94,0.35,0.01

156.10,244.00,8.56,-1.94,0.35,0.01

156.10,244.00,8.56,-1.94,0.35,0.01

156.10,244.00,8.56,-1.94,0.35,0.01

156.10,244.00,8.56,-1.94,0.35,0.01

156.21,241.44,8.38,-1.63,0.34,0.02

156.21,241.44,8.38,-1.63,0.34,0.02

156.21,241.44,8.38,-1.63,0.34,0.02

156.21,241.44,8.38,-1.63,0.34,0.02

156.21,241.44,8.38,-1.63,0.34,0.02

156.21,241.44,8.38,-1.63,0.34,0.02

156.21,241.44,8.38,-1.63,0.34,0.02

156.21,241.44,8.38,-1.63,0.34,0.02

156.31,241.50,8.56,-1.44,0.33,-0.00

156.31,241.50,8.56,-1.44,0.33,-0.00

156.31,241.50,8.56,-1.44,0.33,-0.00

156.31,241.50,8.56,-1.44,0.33,-0.00

156.31,241.50,8.56,-1.44,0.33,-0.00

156.31,241.50,8.56,-1.44,0.33,-0.00

156.42,242.25,8.56,-1.38,0.27,-0.01

156.42,242.25,8.56,-1.38,0.27,-0.01

156.42,242.25,8.56,-1.38,0.27,-0.01

156.42,242.25,8.56,-1.38,0.27,-0.01

156.42,242.25,8.56,-1.38,0.27,-0.01

156.42,242.25,8.56,-1.38,0.27,-0.01

156.52,242.25,8.44,-1.31,0.23,-0.01

156.52,242.25,8.44,-1.31,0.23,-0.01

156.52,242.25,8.44,-1.31,0.23,-0.01

156.52,242.25,8.44,-1.31,0.23,-0.01

156.52,242.25,8.44,-1.31,0.23,-0.01

156.52,242.25,8.44,-1.31,0.23,-0.01

156.63,241.81,8.44,-1.75,0.17,0.03

156.63,241.81,8.44,-1.75,0.17,0.03

156.63,241.81,8.44,-1.75,0.17,0.03

156.63,241.81,8.44,-1.75,0.17,0.03

156.63,241.81,8.44,-1.75,0.17,0.03

156.63,241.81,8.44,-1.75,0.17,0.03

156.73,241.50,8.56,-1.81,0.17,0.03

156.73,241.50,8.56,-1.81,0.17,0.03

156.73,241.50,8.56,-1.81,0.17,0.03

156.73,241.50,8.56,-1.81,0.17,0.03

156.73,241.50,8.56,-1.81,0.17,0.03

156.73,241.50,8.56,-1.81,0.17,0.03

156.83,241.56,8.94,-1.63,0.20,0.02

156.83,241.56,8.94,-1.63,0.20,0.02

156.83,241.56,8.94,-1.63,0.20,0.02

156.83,241.56,8.94,-1.63,0.20,0.02

156.83,241.56,8.94,-1.63,0.20,0.02

156.83,241.56,8.94,-1.63,0.20,0.02

156.83,241.56,8.94,-1.63,0.20,0.02

156.94,241.44,9.31,-1.31,0.17,0.01

156.94,241.44,9.31,-1.31,0.17,0.01

156.94,241.44,9.31,-1.31,0.17,0.01

156.94,241.44,9.31,-1.31,0.17,0.01

156.94,241.44,9.31,-1.31,0.17,0.01

157.04,241.44,9.44,-1.31,0.17,-0.00

157.04,241.44,9.44,-1.31,0.17,-0.00

157.04,241.44,9.44,-1.31,0.17,-0.00

157.04,241.44,9.44,-1.31,0.17,-0.00

157.04,241.44,9.44,-1.31,0.17,-0.00

157.04,241.44,9.44,-1.31,0.17,-0.00

157.14,241.56,9.31,-1.31,0.17,-0.01

157.14,241.56,9.31,-1.31,0.17,-0.01

157.14,241.56,9.31,-1.31,0.17,-0.01

157.14,241.56,9.31,-1.31,0.17,-0.01

157.14,241.56,9.31,-1.31,0.17,-0.01

157.14,241.56,9.31,-1.31,0.17,-0.01

157.14,241.56,9.31,-1.31,0.17,-0.01

157.25,241.44,9.31,-1.19,0.16,0.01

157.25,241.44,9.31,-1.19,0.16,0.01

157.25,241.44,9.31,-1.19,0.16,0.01

157.25,241.44,9.31,-1.19,0.16,0.01

157.25,241.44,9.31,-1.19,0.16,0.01

157.25,241.44,9.31,-1.19,0.16,0.01

157.35,241.81,8.75,-1.00,0.14,0.01

157.35,241.81,8.75,-1.00,0.14,0.01

157.35,241.81,8.75,-1.00,0.14,0.01

157.35,241.81,8.75,-1.00,0.14,0.01

157.35,241.81,8.75,-1.00,0.14,0.01

157.35,241.81,8.75,-1.00,0.14,0.01

157.45,242.19,7.00,0.00,-0.24,0.02

157.45,242.19,7.00,0.00,-0.24,0.02

157.45,242.19,7.00,0.00,-0.24,0.02

157.45,242.19,7.00,0.00,-0.24,0.02

157.45,242.19,7.00,0.00,-0.24,0.02

157.45,242.19,7.00,0.00,-0.24,0.02

157.45,242.19,7.00,0.00,-0.24,0.02

157.56,243.44,5.25,-0.50,-1.12,0.05

157.56,243.44,5.25,-0.50,-1.12,0.05

157.56,243.44,5.25,-0.50,-1.12,0.05

157.56,243.44,5.25,-0.50,-1.12,0.05

157.56,243.44,5.25,-0.50,-1.12,0.05

157.56,243.44,5.25,-0.50,-1.12,0.05

157.56,243.44,5.25,-0.50,-1.12,0.05

157.66,243.63,4.63,-0.19,-2.25,0.12

157.66,243.63,4.63,-0.19,-2.25,0.12

157.66,243.63,4.63,-0.19,-2.25,0.12

157.66,243.63,4.63,-0.19,-2.25,0.12

157.66,243.63,4.63,-0.19,-2.25,0.12

157.66,243.63,4.63,-0.19,-2.25,0.12

157.76,242.38,5.81,1.19,-2.98,0.19

157.76,242.38,5.81,1.19,-2.98,0.19

157.76,242.38,5.81,1.19,-2.98,0.19

157.76,242.38,5.81,1.19,-2.98,0.19

157.76,242.38,5.81,1.19,-2.98,0.19

157.87,240.25,7.06,3.06,-3.42,0.12

157.87,240.25,7.06,3.06,-3.42,0.12

157.87,240.25,7.06,3.06,-3.42,0.12

157.87,240.25,7.06,3.06,-3.42,0.12

157.87,240.25,7.06,3.06,-3.42,0.12

157.87,240.25,7.06,3.06,-3.42,0.12

157.87,240.25,7.06,3.06,-3.42,0.12

157.97,240.56,8.19,3.31,-1.67,-0.00

157.97,240.56,8.19,3.31,-1.67,-0.00

157.97,240.56,8.19,3.31,-1.67,-0.00

157.97,240.56,8.19,3.31,-1.67,-0.00

157.97,240.56,8.19,3.31,-1.67,-0.00

157.97,240.56,8.19,3.31,-1.67,-0.00

158.08,241.00,8.75,2.81,-0.56,-0.03

158.08,241.00,8.75,2.81,-0.56,-0.03

158.08,241.00,8.75,2.81,-0.56,-0.03

158.08,241.00,8.75,2.81,-0.56,-0.03

158.08,241.00,8.75,2.81,-0.56,-0.03

158.08,241.00,8.75,2.81,-0.56,-0.03

158.18,240.81,9.06,2.56,-0.11,-0.03

158.18,240.81,9.06,2.56,-0.11,-0.03

158.18,240.81,9.06,2.56,-0.11,-0.03

158.18,240.81,9.06,2.56,-0.11,-0.03

158.18,240.81,9.06,2.56,-0.11,-0.03

158.18,240.81,9.06,2.56,-0.11,-0.03

158.29,241.19,9.25,2.25,0.02,-0.02

158.29,241.19,9.25,2.25,0.02,-0.02

158.29,241.19,9.25,2.25,0.02,-0.02

158.29,241.19,9.25,2.25,0.02,-0.02

158.29,241.19,9.25,2.25,0.02,-0.02

158.29,241.19,9.25,2.25,0.02,-0.02

158.39,241.13,9.25,2.38,0.05,-0.01

158.39,241.13,9.25,2.38,0.05,-0.01

158.39,241.13,9.25,2.38,0.05,-0.01

158.39,241.13,9.25,2.38,0.05,-0.01

158.39,241.13,9.25,2.38,0.05,-0.01

158.39,241.13,9.25,2.38,0.05,-0.01

158.39,241.13,9.25,2.38,0.05,-0.01

158.39,241.13,9.25,2.38,0.05,-0.01

158.49,241.06,9.31,2.50,0.04,0.00

158.49,241.06,9.31,2.50,0.04,0.00

158.49,241.06,9.31,2.50,0.04,0.00

158.49,241.06,9.31,2.50,0.04,0.00

158.60,241.06,9.38,2.50,0.01,0.02

158.60,241.06,9.38,2.50,0.01,0.02

158.60,241.06,9.38,2.50,0.01,0.02

158.60,241.06,9.38,2.50,0.01,0.02

158.60,241.06,9.38,2.50,0.01,0.02

158.60,241.06,9.38,2.50,0.01,0.02

158.60,241.06,9.38,2.50,0.01,0.02

158.70,241.00,9.38,2.50,0.01,0.01

158.70,241.00,9.38,2.50,0.01,0.01

158.70,241.00,9.38,2.50,0.01,0.01

158.70,241.00,9.38,2.50,0.01,0.01

158.70,241.00,9.38,2.50,0.01,0.01

158.70,241.00,9.38,2.50,0.01,0.01

